3731 312 510 
3732 312 510 
3733 312 510 
3734 312 510 
3734 312 509 
3735 312 509 
3736 312 509 
3737 312 509 
3737 312 508 
3738 312 508 
3739 312 507 
3740 312 505 
3740 312 505 
3741 312 504 
3742 312 502 
3742 312 502 
3743 312 502 
3744 312 501 
3745 312 499 
3746 312 498 
3746 312 498 
3747 312 497 
3748 312 495 
3748 312 495 
3749 312 493 
3750 312 492 
3751 312 490 
3751 312 490 
3752 312 489 
3753 312 487 
3754 312 485 
3754 312 485 
3755 312 483 
3756 312 481 
3757 312 481 
3757 312 480 
3758 312 478 
3759 312 477 
3760 312 477 
3760 312 474 
3761 312 472 
3762 312 471 
3763 312 471 
3763 312 469 
3764 312 467 
3765 312 467 
3766 312 464 
3766 312 463 
3767 312 461 
3768 312 461 
3769 312 459 
3769 312 458 
3770 312 455 
3771 312 455 
3772 312 453 
3772 312 451 
3773 312 450 
3774 312 450 
3775 312 448 
3775 312 445 
3776 312 445 
3777 312 443 
3777 312 442 
3778 312 439 
3779 312 439 
3780 312 438 
3781 312 435 
3781 312 433 
3782 312 433 
3783 312 431 
3783 312 430 
3784 312 430 
3785 312 428 
3786 312 425 
3786 312 422 
3787 312 422 
3788 312 421 
3789 312 420 
3789 312 420 
3790 312 420 
3791 312 415 
3792 312 414 
3792 312 414 
3793 312 411 
3794 312 411 
3795 312 408 
3795 312 408 
3796 312 406 
3797 312 404 
3797 312 404 
3798 312 403 
3799 312 401 
3800 312 399 
3800 312 399 
3801 312 398 
3802 312 395 
3803 312 394 
3803 312 394 
3804 312 392 
3805 312 391 
3806 312 391 
3806 312 390 
3807 312 388 
3808 312 386 
3809 312 386 
3809 312 385 
3810 312 383 
3811 312 381 
3812 312 381 
3812 312 381 
3813 312 380 
3814 312 380 
3815 312 375 
3815 312 376 
3816 312 376 
3817 312 376 
3818 312 374 
3818 312 372 
3819 312 372 
3820 312 372 
3820 312 369 
3821 312 370 
3822 312 370 
3823 312 368 
3823 312 366 
3824 312 365 
3825 312 365 
3826 312 364 
3827 312 363 
3827 312 363 
3828 312 363 
3829 312 362 
3829 312 360 
3830 312 360 
3831 312 360 
3832 312 358 
3832 312 358 
3833 312 358 
3834 312 359 
3835 312 355 
3835 312 355 
3836 312 355 
3837 312 353 
3838 312 353 
3838 312 353 
3839 312 352 
3840 312 351 
3841 312 350 
3841 312 350 
3842 312 350 
3843 312 346 
3844 312 350 
3844 312 350 
3845 312 348 
3846 312 346 
3846 312 346 
3847 312 346 
3848 312 345 
3849 312 344 
3849 312 344 
3850 312 344 
3851 312 343 
3852 312 342 
3852 312 342 
3853 312 341 
3854 312 341 
3855 312 341 
3855 312 339 
3856 312 340 
3857 312 340 
3858 312 340 
3858 312 339 
3859 312 336 
3860 312 338 
3861 312 338 
3861 312 338 
3862 312 336 
3863 312 336 
3864 312 336 
3864 312 336 
3865 312 335 
3866 312 335 
3867 312 335 
3867 312 335 
3868 312 334 
3869 312 334 
3870 312 333 
3870 312 333 
3871 312 333 
3872 312 332 
3873 312 332 
3873 312 332 
3874 312 332 
3875 312 331 
3876 312 331 
3876 312 331 
3877 312 331 
3878 312 331 
3879 312 331 
3879 312 331 
3880 312 330 
3881 312 329 
3882 312 329 
3882 312 329 
3883 312 329 
3884 312 328 
3885 312 328 
3885 312 328 
3886 312 329 
3887 312 328 
3887 312 328 
3888 312 326 
3889 312 326 
3890 312 326 
3890 312 326 
3891 312 326 
3892 312 325 
3893 312 325 
3893 312 325 
3894 312 325 
3895 312 325 
3896 312 325 
3896 312 324 
3897 312 324 
3898 312 324 
3899 312 324 
3899 312 323 
3900 312 323 
3901 312 323 
3902 312 323 
3902 312 323 
3903 312 323 
3904 312 323 
3904 312 323 
3905 312 322 
3906 312 322 
3907 312 323 
3907 312 322 
3908 312 322 
3909 312 322 
3910 312 322 
3910 312 319 
3911 312 321 
3912 312 321 
3913 312 321 
3913 312 322 
3914 312 322 
3915 312 321 
3916 312 321 
3916 312 320 
3917 312 320 
3918 312 321 
3919 312 319 
3919 312 319 
3920 312 319 
3921 312 319 
3921 312 319 
3922 312 319 
3923 312 319 
3924 312 319 
3924 312 319 
3925 312 318 
3926 312 318 
3927 312 318 
3927 312 318 
3928 312 318 
3929 312 318 
3930 312 318 
3930 312 318 
3931 312 318 
3932 312 318 
3932 312 318 
3933 312 318 
3934 312 318 
3935 312 318 
3935 312 318 
3936 312 316 
3937 312 319 
3937 312 319 
3938 312 316 
3939 312 316 
3940 312 316 
3940 312 316 
3941 312 315 
3942 312 315 
3943 312 315 
3943 312 315 
3944 312 315 
3945 312 315 
3946 312 315 
3946 312 315 
3947 312 316 
3948 312 316 
3949 312 315 
3949 312 315 
3950 312 314 
3951 312 314 
3952 312 314 
3952 312 314 
3953 312 314 
3954 312 314 
3954 312 314 
3955 312 314 
3956 312 314 
3957 312 312 
3957 312 314 
3958 312 314 
3959 312 314 
3960 312 314 
3960 312 314 
3961 312 314 
3962 312 314 
3963 312 314 
3963 312 314 
3964 312 314 
3965 312 313 
3966 312 313 
3966 312 313 
3967 312 313 
3968 312 313 
3969 312 313 
3969 312 313 
3970 312 314 
3971 312 313 
3972 312 313 
3972 312 313 
3973 312 313 
3974 312 313 
3975 312 313 
3975 312 313 
3976 312 313 
3977 312 312 
3977 312 312 
3978 312 312 
3979 312 313 
3980 312 311 
3980 312 311 
3981 312 312 
3982 312 312 
3982 312 312 
3983 312 312 
3984 312 312 
3985 312 312 
3985 312 312 
3986 312 312 
3987 312 312 
3988 312 312 
3988 312 312 
3989 312 312 
3990 312 312 
3990 312 312 
3991 312 312 
3992 312 312 
3993 312 312 
3993 312 312 
3994 312 312 
3995 312 312 
3996 312 314 
3996 312 312 
3997 312 312 
3998 312 312 
3999 312 312 
3999 312 312 
4000 312 312 
4001 312 312 
4001 312 312 
4002 312 312 
4003 312 312 
4004 312 312 
4004 312 312 
4005 312 312 
4006 312 312 
4007 312 312 
4007 312 312 
4008 312 312 
4009 312 312 
4009 312 312 
4010 312 312 
4011 312 312 
4012 312 312 
4012 312 312 
4013 312 313 
4014 312 312 
4015 312 311 
4015 312 311 
4016 312 312 
4017 312 312 
4017 312 312 
4018 312 312 
4019 312 312 
4020 312 312 
4020 312 312 
4021 312 312 
4022 312 312 
4022 312 312 
4023 312 312 
4024 312 312 
4025 312 312 
4025 312 312 
4026 312 312 
4027 312 312 
4027 312 312 
4028 312 312 
4029 312 312 
4030 312 312 
4030 312 312 
4031 312 312 
4032 312 312 
4033 312 312 
4033 312 312 
4034 312 312 
4035 312 312 
4035 312 312 
4036 312 314 
4037 312 314 
4038 312 312 
4038 312 312 
4039 312 312 
4040 312 312 
4041 312 312 
4041 312 312 
4042 312 312 
4043 312 312 
4043 312 314 
4044 312 312 
4045 312 312 
4046 312 312 
4046 312 312 
4047 312 312 
4048 312 312 
4048 312 312 
4049 312 312 
4050 312 312 
4051 312 312 
4051 312 312 
4052 312 312 
4053 312 312 
4054 312 312 
4054 312 312 
4055 312 312 
4056 312 312 
4056 312 312 
4057 312 312 
4058 312 312 
4059 312 312 
4059 312 312 
4060 312 312 
4061 312 312 
4062 312 312 
4062 312 312 
4063 312 312 
4064 312 314 
4065 312 314 
4065 312 312 
4066 312 312 
4067 312 312 
4067 312 312 
4068 312 312 
4069 312 312 
4070 312 312 
4070 312 312 
4071 312 312 
4072 312 312 
4072 312 312 
4073 312 312 
4074 312 312 
4075 312 312 
4075 312 312 
4076 312 312 
4077 312 312 
4077 312 312 
4078 312 312 
4079 312 312 
4080 312 312 
4080 312 312 
4081 312 312 
4082 312 312 
4082 312 312 
4083 312 311 
4084 312 311 
4085 312 311 
4085 312 312 
4086 312 312 
4087 312 312 
4088 312 312 
4088 312 312 
4089 312 312 
4090 312 312 
4090 312 312 
4091 312 312 
4092 312 312 
4093 312 312 
4093 312 312 
4094 312 312 
4095 312 312 
4096 312 312 
4096 312 312 
4097 312 312 
4098 312 311 
4098 312 312 
4099 312 312 
4100 312 312 
4101 312 312 
4101 312 312 
4102 312 312 
4103 312 312 
4104 312 313 
4104 312 313 
4105 312 312 
4106 312 312 
4106 312 312 
4107 312 312 
4108 312 312 
4109 312 312 
4109 312 312 
4110 312 312 
4111 312 312 
4111 312 312 
4112 312 312 
4113 312 312 
4114 312 312 
4114 312 312 
4115 312 312 
4116 312 310 
4116 312 310 
4117 312 312 
4118 312 312 
4119 312 312 
4119 312 312 
4120 312 312 
4121 312 312 
4122 312 312 
4122 312 312 
4123 312 312 
4124 312 312 
4124 312 312 
4125 312 312 
4126 312 312 
4127 312 312 
4127 312 312 
4128 312 312 
4129 312 312 
4130 312 312 
4130 312 313 
4131 312 312 
4132 312 312 
4132 312 312 
4133 312 312 
4134 312 312 
4135 312 312 
4135 312 312 
4136 312 312 
4137 312 312 
4138 312 312 
4138 312 312 
4139 312 312 
4140 312 312 
4141 312 314 
4141 312 312 
4142 312 312 
4143 312 312 
4143 312 312 
4144 312 312 
4145 312 312 
4146 312 312 
4146 312 312 
4147 312 312 
4148 312 312 
4148 312 312 
4149 312 312 
4150 312 312 
4151 312 312 
4151 312 312 
4152 312 312 
4153 312 312 
4154 312 312 
4154 312 312 
4155 312 312 
4156 312 312 
4156 312 312 
4157 312 312 
4158 312 312 
4158 312 312 
4159 312 312 
4160 312 312 
4161 312 312 
4161 312 312 
4162 312 312 
4163 312 312 
4164 312 312 
4164 312 312 
4165 312 312 
4166 312 312 
4166 312 312 
4167 312 312 
4168 312 312 
4169 312 312 
4169 312 312 
4170 312 312 
4171 312 312 
4171 312 312 
4172 312 312 
4173 312 312 
4174 312 312 
4174 312 312 
4175 312 312 
4176 312 312 
4177 312 312 
4177 312 312 
4178 312 312 
4179 312 312 
4179 312 313 
4180 312 312 
4181 312 312 
4182 312 312 
4182 312 312 
4183 312 312 
4184 312 312 
4184 312 312 
4185 312 312 
4186 312 312 
4187 312 312 
4187 312 312 
4188 312 312 
4189 312 312 
4190 312 313 
4190 312 312 
4191 312 312 
4192 312 312 
4193 312 312 
4193 312 312 
4194 312 312 
4195 312 312 
4195 312 312 
4196 312 312 
4197 312 312 
4198 312 312 
4198 312 312 
4199 312 312 
4200 312 312 
4200 312 312 
4201 312 314 
4202 312 312 
4203 312 312 
4203 312 312 
4204 312 312 
4205 312 312 
4206 312 312 
4206 312 312 
4207 312 312 
4208 312 312 
4208 312 312 
4209 312 312 
4210 312 312 
4211 312 312 
4211 312 312 
4212 312 312 
4213 312 312 
4213 312 312 
4214 312 312 
4215 312 312 
4216 312 312 
4216 312 312 
4217 312 312 
4218 312 312 
4219 312 312 
4219 312 312 
4220 312 312 
4221 312 312 
4221 312 312 
4222 312 312 
4223 312 312 
4224 312 311 
4224 312 312 
4225 312 312 
4226 312 312 
4227 312 312 
4227 312 312 
4228 312 312 
4229 312 312 
4229 312 312 
4230 312 312 
4231 312 312 
4232 312 312 
4232 312 312 
4233 312 312 
4234 312 312 
4235 312 312 
4235 312 312 
4236 312 312 
4237 312 312 
4237 312 311 
4238 312 311 
4239 312 312 
4240 312 312 
4240 312 312 
4241 312 312 
4242 312 312 
4243 312 312 
4243 312 312 
4244 312 313 
4245 312 312 
4246 312 313 
4246 312 313 
4247 312 312 
4248 312 312 
4248 312 312 
4249 312 312 
4250 312 312 
4251 312 312 
4251 312 312 
4252 312 312 
4253 312 313 
4253 312 313 
4254 312 312 
4255 312 312 
4256 312 312 
4256 312 312 
4257 312 312 
4258 312 312 
4259 312 312 
4259 312 312 
4260 312 312 
4261 312 312 
4261 312 312 
4262 312 312 
4263 312 312 
4264 312 312 
4264 312 312 
4265 312 312 
4266 312 312 
4267 312 312 
4267 312 312 
4268 312 312 
4269 312 313 
4269 312 312 
4270 312 312 
4271 312 312 
4272 312 312 
4272 312 312 
4273 312 312 
4274 312 311 
4275 312 312 
4275 312 312 
4276 312 312 
4277 312 312 
4277 312 314 
4278 312 314 
4279 312 312 
4280 312 312 
4280 312 314 
4281 312 314 
4282 312 312 
4283 312 312 
4283 312 312 
4284 312 312 
4285 312 312 
4285 312 312 
4286 312 312 
4287 312 312 
4288 312 312 
4288 312 312 
4289 312 312 
4290 312 312 
4290 312 312 
4291 312 312 
4292 312 312 
4293 312 312 
4293 312 312 
4294 312 312 
4295 312 312 
4295 312 312 
4296 312 312 
4297 312 312 
4298 312 312 
4298 312 312 
4299 312 312 
4300 312 312 
4301 312 312 
4301 312 312 
4302 312 312 
4303 312 312 
4303 312 312 
4304 312 312 
4305 312 312 
4306 312 312 
4306 312 312 
4307 312 312 
4308 312 312 
4308 312 312 
4309 312 312 
4310 312 312 
4311 312 312 
4311 312 312 
4312 312 312 
4313 312 312 
4314 312 312 
4314 312 312 
4315 312 312 
4316 312 312 
4316 312 312 
4317 312 312 
4318 312 312 
4319 312 312 
4319 312 312 
4320 312 312 
4321 312 312 
4322 312 312 
4322 312 312 
4323 312 312 
4324 312 312 
4325 312 312 
4325 312 312 
4326 312 312 
4327 312 312 
4327 312 312 
4328 312 312 
4329 312 312 
4330 312 312 
4330 312 312 
4331 312 312 
4332 312 312 
4333 312 312 
4333 312 312 
4334 312 312 
4335 312 312 
4335 312 312 
4336 312 312 
4337 312 313 
4338 312 313 
4338 312 312 
4339 312 312 
4340 312 312 
4340 312 312 
4341 312 312 
4342 312 312 
4343 312 312 
4343 312 312 
4344 312 312 
4345 312 312 
4345 312 312 
4346 312 312 
4347 312 312 
4348 312 312 
4348 312 312 
4349 312 312 
4350 312 312 
4350 312 312 
4351 312 312 
4352 312 312 
4353 312 312 
4353 312 312 
4354 312 312 
4355 312 312 
4356 312 312 
4356 312 312 
4357 312 312 
4358 312 312 
4358 312 312 
4359 312 312 
4360 312 312 
4361 312 312 
4361 312 312 
4362 312 312 
4363 312 312 
4363 312 312 
4364 312 312 
4365 312 312 
4366 312 312 
4366 312 312 
4367 312 312 
4368 312 312 
4369 312 312 
4369 312 312 
4370 312 313 
4371 312 312 
4371 312 312 
4372 312 312 
4373 312 312 
4374 312 312 
4374 312 312 
4375 312 312 
4376 312 312 
4376 312 312 
4377 312 312 
4378 312 311 
4379 312 312 
4379 312 312 
4380 312 310 
4381 312 311 
4381 312 311 
4382 312 312 
4383 312 312 
4384 312 312 
4384 312 312 
4385 312 312 
4386 312 312 
4386 312 312 
4387 312 312 
4388 312 312 
4389 312 312 
4389 312 312 
4390 312 312 
4391 312 312 
4392 312 312 
4392 312 312 
4393 312 312 
4394 312 312 
4394 312 312 
4395 312 312 
4396 312 312 
4397 312 312 
4397 312 312 
4398 312 311 
4399 312 311 
4399 312 312 
4400 312 312 
4401 312 312 
4402 312 312 
4402 312 312 
4403 312 312 
4404 312 312 
4405 312 312 
4405 312 312 
4406 312 312 
4407 312 312 
4407 312 314 
4408 312 312 
4409 312 312 
4410 312 312 
4410 312 312 
4411 312 312 
4412 312 312 
4413 312 313 
4413 312 312 
4414 312 312 
4415 312 314 
4415 312 312 
4416 312 312 
4417 312 312 
4418 312 312 
4418 312 310 
4419 312 310 
4420 312 312 
4421 312 313 
4421 312 313 
4422 312 312 
4423 312 312 
4423 312 312 
4424 312 312 
4425 312 312 
4426 312 312 
4426 312 312 
4427 312 312 
4428 312 312 
4428 312 312 
4429 312 312 
4430 312 312 
4431 312 312 
4431 312 312 
4432 312 312 
4433 312 312 
4433 312 312 
4434 312 311 
4435 312 312 
4436 312 312 
4436 312 312 
4437 312 312 
4438 312 312 
4439 312 312 
4439 312 312 
4440 312 312 
4441 312 312 
4441 312 312 
4442 312 312 
4443 312 312 
4444 312 312 
4444 312 312 
4445 312 312 
4446 312 312 
4447 312 312 
4447 312 312 
4448 312 312 
4449 312 312 
4449 312 312 
4450 312 312 
4451 712 312 
4452 712 312 
4453 712 312 
4453 712 312 
4454 712 312 
4455 712 312 
4456 712 312 
4456 712 313 
4457 712 313 
4458 712 314 
4459 712 314 
4459 712 314 
4460 712 314 
4461 712 315 
4462 712 318 
4462 712 318 
4463 712 318 
4464 712 320 
4465 712 322 
4465 712 322 
4466 712 322 
4467 712 323 
4468 712 325 
4468 712 325 
4469 712 326 
4470 712 328 
4471 712 329 
4471 712 329 
4472 712 331 
4473 712 332 
4474 712 333 
4474 712 333 
4475 712 334 
4476 712 336 
4476 712 336 
4477 712 339 
4478 712 341 
4479 712 343 
4479 712 343 
4480 712 344 
4481 712 346 
4482 712 349 
4483 712 349 
4483 712 351 
4484 712 352 
4485 712 352 
4485 712 354 
4486 712 356 
4487 712 358 
4488 712 358 
4488 712 360 
4489 712 362 
4490 712 364 
4491 712 364 
4491 712 365 
4492 712 368 
4493 712 368 
4494 712 371 
4494 712 372 
4495 712 374 
4496 712 374 
4497 712 376 
4497 712 378 
4498 712 380 
4499 712 380 
4500 712 382 
4500 712 384 
4501 712 384 
4502 712 386 
4503 712 388 
4503 712 390 
4504 712 390 
4505 712 392 
4506 712 394 
4506 712 395 
4507 712 395 
4508 712 398 
4509 712 400 
4509 712 400 
4510 712 402 
4511 712 404 
4512 712 408 
4512 712 408 
4513 712 410 
4514 712 411 
4515 712 414 
4515 712 414 
4516 712 415 
4517 712 418 
4517 712 418 
4518 712 420 
4519 712 422 
4520 712 423 
4520 712 423 
4521 712 425 
4522 712 428 
4523 712 430 
4523 712 430 
4524 712 431 
4525 712 434 
4526 712 434 
4526 712 436 
4527 712 438 
4528 712 440 
4529 712 440 
4529 712 443 
4530 712 444 
4531 712 447 
4532 712 447 
4532 712 448 
4533 712 450 
4534 712 450 
4535 712 453 
4535 712 455 
4536 712 455 
4537 712 455 
4538 712 459 
4538 712 461 
4539 712 463 
4540 712 463 
4541 712 465 
4541 712 468 
4542 712 468 
4543 712 469 
4544 712 471 
4544 712 473 
4545 712 473 
4546 712 475 
4547 712 477 
4547 712 480 
4548 712 480 
4549 712 481 
4550 712 483 
4550 712 483 
4551 712 485 
4552 712 488 
4552 712 490 
4553 712 490 
4554 712 491 
4555 712 493 
4556 712 495 
4556 712 495 
4557 712 498 
4558 712 500 
4559 712 500 
4559 712 502 
4560 712 504 
4561 712 504 
4561 712 504 
4562 712 509 
4563 712 511 
4564 712 513 
4564 712 513 
4565 712 513 
4566 712 518 
4567 712 518 
4567 712 519 
4568 712 521 
4569 712 523 
4570 712 523 
4570 712 526 
4571 712 528 
4572 712 530 
4573 712 530 
4573 712 533 
4574 712 535 
4575 712 535 
4576 712 536 
4576 712 538 
4577 712 541 
4578 712 541 
4579 712 541 
4579 712 545 
4580 712 547 
4581 712 547 
4582 712 550 
4582 712 551 
4583 712 553 
4584 712 553 
4585 712 556 
4585 712 558 
4586 712 558 
4587 712 559 
4588 712 561 
4588 712 563 
4589 712 563 
4590 712 567 
4591 712 568 
4591 712 570 
4592 712 570 
4593 712 572 
4594 712 574 
4594 712 574 
4595 712 576 
4596 712 578 
4597 712 581 
4597 712 581 
4598 712 582 
4599 712 584 
4599 712 587 
4600 712 587 
4601 712 588 
4602 712 589 
4603 712 589 
4603 712 593 
4604 712 594 
4605 712 596 
4605 712 596 
4606 712 597 
4607 712 600 
4608 712 602 
4608 712 602 
4609 712 604 
4610 712 607 
4611 712 608 
4611 712 608 
4612 712 610 
4613 712 611 
4614 712 611 
4614 712 613 
4615 712 615 
4616 712 618 
4617 712 618 
4617 712 620 
4618 712 622 
4619 712 622 
4619 712 623 
4620 712 624 
4621 712 626 
4622 712 626 
4622 712 629 
4623 712 630 
4624 712 632 
4625 712 632 
4625 712 634 
4626 712 635 
4627 712 635 
4628 712 636 
4628 712 636 
4629 712 639 
4630 712 639 
4631 712 642 
4631 712 642 
4632 712 644 
4633 712 644 
4634 712 645 
4634 712 646 
4635 712 646 
4636 712 648 
4637 712 649 
4637 712 650 
4638 712 650 
4639 712 651 
4640 712 652 
4640 712 655 
4641 712 655 
4642 712 655 
4643 712 656 
4643 712 657 
4644 712 657 
4645 712 659 
4646 712 659 
4646 712 659 
4647 712 660 
4648 712 661 
4649 712 662 
4649 712 662 
4650 712 663 
4651 712 664 
4652 712 666 
4652 712 666 
4653 712 666 
4654 712 667 
4655 712 667 
4655 712 668 
4656 712 669 
4657 712 670 
4657 712 670 
4658 712 671 
4659 712 671 
4660 712 672 
4660 712 672 
4661 712 673 
4662 712 674 
4663 712 674 
4663 712 674 
4664 712 675 
4665 712 676 
4666 712 676 
4666 712 676 
4667 712 676 
4668 712 679 
4669 712 679 
4669 712 680 
4670 712 680 
4671 712 680 
4672 712 678 
4672 712 681 
4673 712 682 
4674 712 682 
4675 712 682 
4675 712 683 
4676 712 683 
4677 712 683 
4678 712 684 
4678 712 685 
4679 712 685 
4680 712 685 
4681 712 685 
4681 712 685 
4682 712 685 
4683 712 686 
4684 712 687 
4684 712 687 
4685 712 687 
4686 712 688 
4687 712 689 
4687 712 689 
4688 712 689 
4689 712 689 
4690 712 689 
4690 712 689 
4691 712 691 
4692 712 691 
4693 712 692 
4693 712 692 
4694 712 692 
4695 712 692 
4696 712 692 
4696 712 692 
4697 712 692 
4698 712 693 
4698 712 693 
4699 712 693 
4700 712 694 
4701 712 694 
4701 712 694 
4702 712 695 
4703 712 695 
4704 712 695 
4704 712 695 
4705 712 695 
4706 712 696 
4707 712 696 
4707 712 697 
4708 712 697 
4709 712 697 
4710 712 697 
4710 712 697 
4711 712 697 
4712 712 697 
4713 712 697 
4713 712 698 
4714 712 697 
4715 712 697 
4716 712 698 
4716 712 698 
4717 712 699 
4718 712 699 
4719 712 699 
4719 712 699 
4720 712 700 
4721 712 700 
4722 712 700 
4722 712 700 
4723 712 700 
4724 712 700 
4725 712 700 
4725 712 701 
4726 712 701 
4727 712 701 
4728 712 703 
4728 712 701 
4729 712 701 
4730 712 703 
4731 712 703 
4731 712 703 
4732 712 703 
4733 712 703 
4734 712 703 
4734 712 703 
4735 712 703 
4736 712 704 
4737 712 704 
4737 712 704 
4738 712 704 
4739 712 704 
4740 712 704 
4740 712 704 
4741 712 704 
4742 712 704 
4742 712 704 
4743 712 705 
4744 712 705 
4745 712 705 
4745 712 705 
4746 712 704 
4747 712 705 
4748 712 705 
4748 712 705 
4749 712 706 
4750 712 705 
4751 712 705 
4751 712 705 
4752 712 706 
4753 712 706 
4754 712 706 
4754 712 706 
4755 712 706 
4756 712 706 
4757 712 706 
4757 712 706 
4758 712 706 
4759 712 706 
4760 712 707 
4760 712 707 
4761 712 706 
4762 712 706 
4763 712 707 
4763 712 707 
4764 712 707 
4765 712 707 
4766 712 707 
4766 712 707 
4767 712 707 
4768 712 708 
4769 712 708 
4769 712 707 
4770 712 707 
4771 712 708 
4772 712 708 
4772 712 708 
4773 712 708 
4774 712 708 
4775 712 708 
4775 712 708 
4776 712 708 
4777 712 708 
4778 712 708 
4778 712 708 
4779 712 708 
4780 712 708 
4781 712 709 
4781 712 709 
4782 712 709 
4783 712 709 
4784 712 709 
4784 712 709 
4785 712 709 
4786 712 709 
4787 712 709 
4787 712 709 
4788 712 709 
4789 712 709 
4789 712 709 
4790 712 709 
4791 712 709 
4792 712 709 
4792 712 709 
4793 712 709 
4794 712 709 
4795 712 710 
4795 712 710 
4796 712 709 
4797 712 709 
4798 712 709 
4798 712 709 
4799 712 709 
4800 712 709 
4801 712 709 
4801 712 709 
4802 712 709 
4803 712 709 
4804 712 709 
4804 712 709 
4805 712 710 
4806 712 710 
4807 712 709 
4807 712 709 
4808 712 710 
4809 712 710 
4810 712 710 
4810 712 710 
4811 712 710 
4812 712 709 
4813 712 710 
4813 712 710 
4814 712 710 
4815 712 710 
4816 712 710 
4816 712 710 
4817 712 710 
4818 712 710 
4819 712 710 
4819 712 710 
4820 712 710 
4821 712 710 
4821 712 710 
4822 712 710 
4823 712 710 
4824 712 710 
4824 712 710 
4825 712 710 
4826 712 711 
4827 712 710 
4827 712 710 
4828 712 710 
4829 712 710 
4830 712 710 
4830 712 710 
4831 712 710 
4832 712 710 
4832 712 710 
4833 712 710 
4834 712 709 
4835 712 710 
4835 712 710 
4836 712 710 
4837 712 710 
4837 712 710 
4838 712 710 
4839 712 710 
4840 712 710 
4840 712 710 
4841 712 710 
4842 712 709 
4843 712 709 
4843 712 710 
4844 712 710 
4845 712 710 
4846 712 710 
4846 712 710 
4847 712 710 
4848 712 710 
4849 712 710 
4849 712 709 
4850 712 710 
4851 712 710 
4852 712 711 
4852 712 710 
4853 712 710 
4854 712 710 
4854 712 710 
4855 712 710 
4856 712 710 
4857 712 710 
4857 712 710 
4858 712 710 
4859 712 710 
4860 712 710 
4860 712 710 
4861 712 710 
4862 712 709 
4863 712 710 
4863 712 710 
4864 712 710 
4865 712 710 
4866 712 710 
4866 712 710 
4867 712 710 
4868 712 710 
4868 712 710 
4869 712 710 
4870 712 710 
4871 712 709 
4871 712 709 
4872 712 709 
4873 712 710 
4874 712 710 
4874 712 710 
4875 712 710 
4876 712 710 
4877 712 710 
4877 712 710 
4878 712 710 
4879 712 710 
4879 712 710 
4880 712 710 
4881 712 710 
4882 712 710 
4882 712 710 
4883 712 710 
4884 712 710 
4885 712 710 
4885 712 710 
4886 712 710 
4887 712 710 
4888 712 710 
4888 712 711 
4889 712 710 
4890 712 710 
4891 712 710 
4891 712 710 
4892 712 710 
4893 712 710 
4894 712 710 
4894 712 710 
4895 712 710 
4896 712 710 
4897 712 710 
4897 712 710 
4898 712 710 
4899 712 710 
4900 712 710 
4900 712 711 
4901 712 711 
4902 712 710 
4903 712 710 
4903 712 710 
4904 712 710 
4905 712 710 
4905 712 710 
4906 712 710 
4907 712 710 
4908 712 710 
4908 712 710 
4909 712 710 
4910 712 710 
4911 712 710 
4911 712 710 
4912 712 710 
4913 712 710 
4914 712 710 
4914 712 710 
4915 712 710 
4916 712 710 
4917 712 710 
4917 712 710 
4918 712 710 
4919 712 710 
4920 712 710 
4920 712 710 
4921 712 710 
4922 712 710 
4922 712 710 
4923 712 710 
4924 712 710 
4925 712 710 
4925 712 710 
4926 712 710 
4927 712 710 
4928 712 710 
4928 712 711 
4929 712 710 
4930 712 710 
4931 712 710 
4931 712 710 
4932 712 710 
4933 712 710 
4934 712 710 
4934 712 710 
4935 712 710 
4936 712 710 
4936 712 710 
4937 712 708 
4938 712 710 
4939 712 710 
4939 712 710 
4940 712 710 
4941 712 710 
4942 712 710 
4942 712 710 
4943 712 708 
4944 712 708 
4945 712 710 
4945 712 710 
4946 712 710 
4947 712 710 
4947 712 710 
4948 712 710 
4949 712 710 
4950 712 710 
4950 712 709 
4951 712 710 
4952 712 710 
4953 712 710 
4953 712 710 
4954 712 710 
4955 712 710 
4956 712 710 
4956 712 710 
4957 712 710 
4958 712 710 
4959 712 710 
4959 712 710 
4960 712 710 
4961 712 710 
4962 712 710 
4962 712 710 
4963 712 710 
4964 712 710 
4965 712 710 
4965 712 710 
4966 712 710 
4967 712 710 
4968 712 710 
4968 712 710 
4969 712 710 
4970 712 710 
4970 712 710 
4971 712 712 
4972 712 710 
4973 712 710 
4973 712 710 
4974 712 710 
4975 712 709 
4976 712 709 
4976 712 710 
4977 712 710 
4978 712 710 
4979 712 710 
4979 712 710 
4980 712 710 
4981 712 712 
4982 712 712 
4982 712 710 
4983 712 710 
4984 712 710 
4984 712 710 
4985 712 710 
4986 712 710 
4987 712 710 
4987 712 710 
4988 712 710 
4989 712 710 
4990 712 710 
4990 712 710 
4991 712 710 
4992 712 710 
4993 712 710 
4993 712 710 
4994 712 710 
4995 712 710 
4996 712 710 
4996 712 710 
4997 712 710 
4998 712 710 
4999 712 710 
4999 712 710 
5000 712 710 
5001 712 710 
5001 712 710 
5002 712 710 
5003 712 710 
5004 712 710 
5004 712 710 
5005 712 710 
5006 712 710 
5007 712 710 
5007 712 710 
5008 712 709 
5009 712 710 
5010 712 710 
5010 712 710 
5011 712 710 
5012 712 711 
5012 712 711 
5013 712 710 
5014 712 710 
5015 712 710 
5015 712 710 
5016 712 710 
5017 712 710 
5017 712 710 
5018 712 710 
5019 712 710 
5020 712 710 
5020 712 710 
5021 712 710 
5022 712 710 
5023 712 710 
5023 712 710 
5024 712 710 
5025 712 710 
5026 712 710 
5026 712 710 
5027 712 710 
5028 712 710 
5029 712 710 
5029 712 710 
5030 712 710 
5031 712 710 
5032 712 710 
5032 712 710 
5033 712 710 
5034 712 710 
5035 712 709 
5035 712 710 
5036 712 710 
5037 712 710 
5038 712 710 
5038 712 710 
5039 712 710 
5040 712 710 
5041 712 710 
5041 712 710 
5042 712 710 
5043 712 710 
5044 712 710 
5044 712 710 
5045 712 710 
5046 712 710 
5046 712 710 
5047 712 710 
5048 712 710 
5049 712 710 
5049 712 710 
5050 712 710 
5051 712 710 
5052 712 709 
5052 712 709 
5053 712 710 
5054 712 710 
5055 712 710 
5055 712 710 
5056 712 709 
5057 712 710 
5058 712 710 
5058 712 710 
5059 712 710 
5060 712 709 
5060 712 709 
5061 712 710 
5062 712 710 
5063 712 710 
5063 712 710 
5064 712 710 
5065 712 710 
5066 712 710 
5066 712 710 
5067 712 710 
5068 712 710 
5069 712 710 
5069 712 710 
5070 712 710 
5071 712 710 
5072 712 710 
5072 712 710 
5073 712 710 
5074 712 710 
5074 712 710 
5075 712 709 
5076 712 710 
5077 712 710 
5078 712 710 
5078 712 710 
5079 712 710 
5080 712 710 
5080 712 710 
5081 712 710 
5082 712 710 
5083 712 710 
5083 712 710 
5084 712 710 
5085 712 710 
5086 712 710 
5086 712 710 
5087 712 710 
5088 712 710 
5089 712 710 
5089 712 710 
5090 712 710 
5091 712 710 
5092 712 710 
5092 712 710 
5093 712 710 
5094 712 711 
5095 712 710 
5095 712 710 
5096 712 710 
5097 712 710 
5098 712 710 
5098 712 710 
5099 712 710 
5100 712 710 
5101 712 710 
5101 712 710 
5102 712 710 
5103 712 710 
5103 712 710 
5104 712 710 
5105 712 710 
5106 712 710 
5106 712 710 
5107 712 710 
5108 712 711 
5109 712 711 
5109 712 710 
5110 712 710 
5111 712 710 
5112 712 710 
5112 712 710 
5113 712 712 
5114 712 710 
5115 712 710 
5115 712 712 
5116 712 710 
5117 712 710 
5117 712 710 
5118 712 710 
5119 712 710 
5120 712 710 
5120 712 710 
5121 712 710 
5122 712 710 
5123 712 710 
5123 712 710 
5124 712 710 
5125 712 710 
5125 712 711 
5126 712 710 
5127 712 710 
5128 712 710 
5128 712 710 
5129 712 710 
5130 712 710 
5131 712 710 
5131 712 711 
5132 712 711 
5133 712 710 
5134 712 710 
5134 712 710 
5135 712 710 
5136 712 710 
5137 712 710 
5137 712 710 
5138 712 710 
5139 712 710 
5140 712 710 
5140 712 710 
5141 712 710 
5142 712 710 
5143 712 710 
5143 712 710 
5144 712 710 
5145 712 710 
5146 712 710 
5146 712 710 
5147 712 710 
5148 712 710 
5148 712 710 
5149 712 710 
5150 712 710 
5151 712 710 
5151 712 710 
5152 712 710 
5153 712 710 
5154 712 710 
5154 712 710 
5155 712 710 
5156 712 710 
5156 712 710 
5157 712 710 
5158 712 710 
5159 712 710 
5160 712 712 
5160 712 710 
5161 712 710 
5162 712 710 
5162 712 710 
5163 712 710 
5164 712 710 
5165 712 710 
5165 712 710 
5166 712 710 
5167 712 710 
5168 712 711 
5168 712 712 
5169 712 710 
5170 712 710 
5171 712 710 
5171 712 710 
5172 712 710 
5173 712 710 
5174 712 710 
5174 712 710 
5175 712 710 
5176 712 710 
5177 712 710 
5177 712 710 
5178 712 710 
5179 712 710 
5180 712 710 
5180 712 710 
5181 712 710 
5182 712 710 
5183 712 710 
5183 712 710 
5184 712 710 
5185 712 710 
5186 712 709 
5186 712 709 
5187 712 710 
5188 712 710 
5189 712 710 
5189 712 710 
5190 712 710 
5191 712 710 
5192 712 710 
5192 712 710 
5193 712 710 
5194 712 710 
5194 712 710 
5195 712 710 
5196 712 710 
5197 712 710 
5197 712 710 
5198 712 710 
5199 712 710 
5200 712 710 
5200 712 710 
5201 712 710 
5202 712 710 
5203 712 710 
5203 712 710 
5204 712 710 
5205 712 710 
5206 712 710 
5206 712 710 
5207 712 710 
5208 712 710 
5209 712 710 
5209 712 712 
5210 712 710 
5211 712 710 
5212 712 711 
5212 712 710 
5213 712 710 
5214 712 710 
5215 712 710 
5215 712 710 
5216 712 710 
5217 712 710 
5218 712 710 
5218 712 710 
5219 712 710 
5220 712 710 
5221 712 710 
5221 712 710 
5222 712 710 
5223 712 710 
5224 712 710 
5224 712 710 
5225 712 712 
5226 712 712 
5226 712 710 
5227 712 710 
5228 712 710 
5229 712 710 
5229 712 710 
5230 712 710 
5231 712 710 
5232 712 710 
5232 712 710 
5233 712 710 
5234 712 710 
5235 712 710 
5235 712 710 
5236 712 710 
5237 312 710 
5238 312 710 
5239 312 710 
5239 312 710 
5240 312 710 
5241 312 710 
5242 312 710 
5242 312 710 
5243 312 710 
5244 312 709 
5245 312 709 
5245 312 709 
5246 312 708 
5247 312 707 
5248 312 707 
5248 312 705 
5249 312 705 
5250 312 704 
5251 312 704 
5251 312 701 
5252 312 700 
5253 312 700 
5254 312 699 
5254 312 697 
5255 312 697 
5256 312 697 
5257 312 694 
5257 312 693 
5258 312 692 
5259 312 692 
5260 312 691 
5260 312 687 
5261 312 687 
5262 312 686 
5263 312 685 
5263 312 683 
5264 312 683 
5265 312 682 
5266 312 680 
5266 312 678 
5267 312 678 
5268 312 675 
5269 312 674 
5269 312 672 
5270 312 672 
5271 312 671 
5272 312 668 
5272 312 668 
5273 312 667 
5274 312 664 
5275 312 663 
5275 312 663 
5276 312 661 
5277 312 659 
5278 312 657 
5278 312 657 
5279 312 655 
5280 312 654 
5281 312 654 
5281 312 651 
5282 312 649 
5283 312 647 
5283 312 647 
5284 312 645 
5285 312 644 
5286 312 642 
5286 312 642 
5287 312 639 
5288 312 637 
5289 312 637 
5289 312 635 
5290 312 633 
5291 312 632 
5292 312 632 
5292 312 630 
5293 312 629 
5294 312 625 
5295 312 625 
5295 312 623 
5296 312 621 
5297 312 619 
5298 312 619 
5298 312 617 
5299 312 613 
5300 312 613 
5301 312 612 
5301 312 610 
5302 312 608 
5303 312 608 
5304 312 607 
5304 312 604 
5305 312 602 
5306 312 602 
5307 312 600 
5307 312 599 
5308 312 599 
5309 312 596 
5310 312 594 
5310 312 592 
5311 312 592 
5312 312 589 
5313 312 588 
5313 312 586 
5314 312 586 
5315 312 584 
5316 312 581 
5316 312 581 
5317 312 580 
5318 312 578 
5318 312 575 
5319 312 575 
5320 312 573 
5321 312 572 
5322 312 570 
5322 312 570 
5323 312 568 
5324 312 563 
5325 312 563 
5325 312 563 
5326 312 561 
5327 312 559 
5327 312 559 
5328 312 557 
5329 312 556 
5330 312 552 
5330 312 552 
5331 312 550 
5332 312 549 
5333 312 549 
5333 312 547 
5334 312 545 
5335 312 543 
5336 312 543 
5336 312 540 
5337 312 538 
5338 312 536 
5339 312 536 
5339 312 534 
5340 312 533 
5341 312 533 
5341 312 530 
5342 312 527 
5343 312 525 
5344 312 525 
5344 312 524 
5345 312 521 
5346 312 519 
5347 312 519 
5348 312 518 
5348 312 514 
5349 312 514 
5350 312 514 
5350 312 510 
5351 312 509 
5352 312 509 
5353 312 505 
5353 312 505 
5354 312 502 
5355 312 502 
5356 312 500 
5357 312 498 
5357 312 495 
5358 312 495 
5359 312 494 
5360 312 491 
5360 312 491 
5361 312 489 
5362 312 488 
5363 312 485 
5363 312 485 
5364 312 483 
5365 312 481 
5365 312 480 
5366 312 480 
5367 312 477 
5368 312 474 
5369 312 474 
5369 312 473 
5370 312 471 
5371 312 469 
5371 312 469 
5372 312 467 
5373 312 464 
5374 312 462 
5374 312 462 
5375 312 461 
5376 312 458 
5377 312 458 
5377 312 457 
5378 312 454 
5379 312 452 
5379 312 452 
5380 312 450 
5381 312 448 
5382 312 447 
5382 312 447 
5383 312 443 
5384 312 444 
5385 312 444 
5385 312 440 
5386 312 438 
5387 312 435 
5388 312 435 
5388 312 434 
5389 312 431 
5390 312 430 
5391 312 430 
5391 312 425 
5392 312 425 
5393 312 425 
5394 312 424 
5394 312 421 
5395 312 421 
5396 312 421 
5397 312 416 
5397 312 415 
5398 312 414 
5399 312 414 
5400 312 411 
5400 312 410 
5401 312 410 
5402 312 408 
5403 312 406 
5403 312 404 
5404 312 404 
5405 312 402 
5406 312 400 
5406 312 399 
5407 312 399 
5408 312 396 
5409 312 395 
5409 312 395 
5410 312 394 
5411 312 392 
5412 312 391 
5412 312 391 
5413 312 390 
5414 312 386 
5415 312 388 
5415 312 388 
5416 312 384 
5417 312 383 
5417 312 383 
5418 312 381 
5419 312 380 
5420 312 379 
5420 312 379 
5421 312 378 
5422 312 376 
5423 312 376 
5423 312 376 
5424 312 376 
5425 312 372 
5426 312 372 
5426 312 371 
5427 312 369 
5428 312 369 
5429 312 369 
5429 312 368 
5430 312 366 
5431 312 365 
5432 312 365 
5432 312 364 
5433 312 363 
5434 312 363 
5435 312 362 
5435 312 361 
5436 312 360 
5437 312 360 
5438 312 359 
5438 312 358 
5439 312 358 
5440 312 356 
5440 312 354 
5441 312 355 
5442 312 355 
5443 312 355 
5443 312 353 
5444 312 352 
5445 312 352 
5446 312 352 
5446 312 351 
5447 312 350 
5448 312 350 
5449 312 350 
5449 312 349 
5450 312 349 
5451 312 348 
5452 312 348 
5452 312 346 
5453 312 346 
5454 312 345 
5455 312 345 
5455 312 345 
5456 312 344 
5457 312 344 
5458 312 343 
5458 312 343 
5459 312 342 
5460 312 342 
5461 312 341 
5461 312 341 
5462 312 341 
5463 312 340 
5464 312 340 
5464 312 340 
5465 312 339 
5466 312 339 
5466 312 339 
5467 312 338 
5468 312 338 
5469 312 336 
5469 312 336 
5470 312 334 
5471 312 336 
5472 312 336 
5472 312 335 
5473 312 335 
5474 312 334 
5475 312 334 
5475 312 334 
5476 312 333 
5477 312 333 
5477 312 332 
5478 312 332 
5479 312 332 
5480 312 332 
5481 312 332 
5481 312 331 
5482 312 331 
5483 312 331 
5484 312 331 
5484 312 330 
5485 312 330 
5486 312 330 
5486 312 330 
5487 312 329 
5488 312 329 
5489 312 329 
5489 312 329 
5490 312 328 
5491 312 328 
5492 312 326 
5492 312 328 
5493 312 328 
5494 312 328 
5495 312 326 
5495 312 326 
5496 312 326 
5497 312 326 
5498 312 326 
5498 312 325 
5499 312 325 
5500 312 325 
5501 312 325 
5501 312 325 
5502 312 324 
5503 312 324 
5504 312 326 
5504 312 326 
5505 312 324 
5506 312 323 
5507 312 323 
5507 312 323 
5508 312 323 
5509 312 323 
5509 312 323 
5510 312 323 
5511 312 323 
5512 312 323 
5512 312 322 
5513 312 322 
5514 312 321 
5514 312 321 
5515 312 322 
5516 312 322 
5517 312 321 
5518 312 321 
5518 312 321 
5519 312 321 
5520 312 321 
5520 312 320 
5521 312 321 
5522 312 321 
5523 312 321 
5523 312 320 
5524 312 320 
5525 312 320 
5526 312 319 
5526 312 319 
5527 312 319 
5528 312 319 
5529 312 319 
5529 312 319 
5530 312 319 
5531 312 319 
5532 312 319 
5532 312 318 
5533 312 318 
5534 312 318 
5535 312 318 
5535 312 318 
5536 312 318 
5537 312 318 
5538 312 318 
5538 312 318 
5539 312 318 
5540 312 318 
5540 312 318 
5541 312 318 
5542 312 318 
5543 312 318 
5543 312 318 
5544 312 315 
5545 312 316 
5546 312 316 
5546 312 316 
5547 312 318 
5548 312 316 
5549 312 315 
5549 312 315 
5550 312 315 
5551 312 315 
5552 312 315 
5552 312 315 
5553 312 315 
5554 312 315 
5554 312 315 
5555 312 315 
5556 312 315 
5557 312 314 
5557 312 314 
5558 312 314 
5559 312 314 
5560 312 314 
5560 312 314 
5561 312 313 
5562 312 314 
5563 312 314 
5563 312 314 
5564 312 314 
5565 312 314 
5566 312 314 
5566 312 314 
5567 312 314 
5568 312 314 
5569 312 314 
5569 312 314 
5570 312 314 
5571 312 314 
5571 312 313 
5572 312 313 
5573 312 313 
5574 312 314 
5574 312 315 
5575 312 313 
5576 312 313 
5577 312 313 
5577 312 313 
5578 312 313 
5579 312 313 
5580 312 313 
5580 312 314 
5581 312 314 
5582 312 313 
5583 312 313 
5583 312 313 
5584 312 313 
5585 312 312 
5586 312 312 
5586 312 312 
5587 312 312 
5588 312 312 
5588 312 312 
5589 312 312 
5590 312 312 
5591 312 312 
5591 312 312 
5592 312 312 
5593 312 312 
5594 312 312 
5594 312 312 
5595 312 312 
5596 312 312 
5596 312 312 
5597 312 312 
5598 312 312 
5598 312 312 
5599 312 312 
5600 312 312 
5601 312 312 
5601 312 312 
5602 312 312 
5603 312 312 
5603 312 312 
5604 312 310 
5605 312 312 
5606 312 312 
5606 312 312 
5607 312 312 
5608 312 312 
5609 312 312 
5609 312 312 
5610 312 312 
5611 312 312 
5611 312 312 
5612 312 312 
5613 312 312 
5614 312 312 
5614 312 312 
5615 312 312 
5616 312 312 
5617 312 312 
5617 312 312 
5618 312 312 
5619 312 312 
5619 312 312 
5620 312 312 
5621 312 312 
5622 312 312 
5622 312 312 
5623 312 312 
5624 312 312 
5624 312 312 
5625 312 312 
5626 312 312 
5627 312 312 
5627 312 314 
5628 312 314 
5629 312 313 
5630 312 312 
5630 312 313 
5631 312 313 
5632 312 312 
5633 312 312 
5633 312 312 
5634 312 312 
5635 312 312 
5635 312 312 
5636 312 312 
5637 312 312 
5638 312 312 
5638 312 312 
5639 312 312 
5640 312 312 
5641 312 312 
5641 312 313 
5642 312 312 
5643 312 312 
5643 312 312 
5644 312 312 
5645 312 312 
5646 312 312 
5646 312 312 
5647 312 312 
5648 312 312 
5648 312 312 
5649 312 312 
5650 312 314 
5651 312 314 
5651 312 312 
5652 312 312 
5653 312 312 
5654 312 312 
5654 312 312 
5655 312 312 
5656 312 312 
5656 312 313 
5657 312 314 
5658 312 312 
5659 312 312 
5659 312 312 
5660 312 312 
5661 312 312 
5662 312 312 
5662 312 312 
5663 312 312 
5664 312 312 
5665 312 312 
5665 312 312 
5666 312 312 
5667 312 312 
5667 312 312 
5668 312 312 
5669 312 312 
5670 312 312 
5670 312 312 
5671 312 312 
5672 312 312 
5672 312 312 
5673 312 312 
5674 312 312 
5675 312 312 
5675 312 312 
5676 312 312 
5677 312 312 
5678 312 313 
5678 312 313 
5679 312 312 
5680 312 312 
5680 312 313 
5681 312 313 
5682 312 312 
5683 312 312 
5683 312 312 
5684 312 312 
5685 312 312 
5686 312 312 
5686 312 312 
5687 312 312 
5688 312 312 
5688 312 312 
5689 312 312 
5690 312 312 
5691 312 312 
5691 312 312 
5692 312 312 
5693 312 312 
5693 312 312 
5694 312 312 
5695 312 312 
5695 312 312 
5696 312 312 
5697 312 312 
5698 312 312 
5698 312 313 
5699 312 312 
5700 312 312 
5701 312 312 
5701 312 312 
5702 312 312 
5703 312 312 
5703 312 312 
5704 312 312 
5705 312 312 
5706 312 312 
5706 312 312 
5707 312 314 
5708 312 314 
5709 312 312 
5709 312 312 
5710 312 312 
5711 312 312 
5712 312 312 
5712 312 312 
5713 312 312 
5714 312 311 
5714 312 312 
5715 312 312 
5716 312 312 
5717 312 312 
5717 312 312 
5718 312 312 
5719 312 312 
5720 312 312 
5720 312 312 
5721 312 312 
5722 312 312 
5722 312 312 
5723 312 312 
5724 312 312 
5725 312 312 
5725 312 312 
5726 312 312 
5727 312 312 
5728 312 313 
5728 312 313 
5729 312 312 
5730 312 312 
5730 312 312 
5731 312 312 
5732 312 312 
5733 312 312 
5733 312 312 
5734 312 313 
5735 312 312 
5735 312 312 
5736 312 312 
5737 312 312 
5738 312 312 
5738 312 312 
5739 312 312 
5740 312 312 
5740 312 312 
5741 312 312 
5742 312 312 
5743 312 312 
5743 312 312 
5744 312 312 
5745 312 314 
5746 312 314 
5746 312 312 
5747 312 312 
5748 312 312 
5748 312 312 
5749 312 312 
5750 312 312 
5751 312 312 
5751 312 311 
5752 312 312 
5753 312 312 
5754 312 312 
5754 312 312 
5755 312 312 
5756 312 312 
5756 312 312 
5757 312 312 
5758 312 312 
5759 312 312 
5759 312 312 
5760 312 312 
5761 312 312 
5762 312 312 
5762 312 312 
5763 312 312 
5764 312 312 
5764 312 312 
5765 312 312 
5766 312 312 
5767 312 312 
5767 312 312 
5768 312 312 
5769 312 312 
5770 312 312 
5770 312 312 
5771 312 312 
5772 312 312 
5772 312 312 
5773 312 312 
5774 312 312 
5775 312 312 
5775 312 312 
5776 312 312 
5777 312 313 
5777 312 313 
5778 312 312 
5779 312 312 
5780 312 314 
5780 312 314 
5781 312 312 
5782 312 312 
5782 312 312 
5783 312 312 
5784 312 312 
5785 312 312 
5785 312 312 
5786 312 312 
5787 312 312 
5788 312 312 
5788 312 312 
5789 312 312 
5790 312 312 
5790 312 312 
5791 312 312 
5792 312 312 
5793 312 312 
5793 312 312 
5794 312 312 
5795 312 312 
5795 312 312 
5796 312 312 
5797 312 312 
5798 312 312 
5798 312 312 
5799 312 312 
5800 312 312 
5801 312 312 
5801 312 312 
5802 312 312 
5803 312 312 
5803 312 312 
5804 312 312 
5805 312 312 
5806 312 312 
5806 312 312 
5807 312 312 
5808 312 313 
5809 312 311 
5809 312 312 
5810 312 312 
5811 312 312 
5812 312 312 
5812 312 312 
5813 312 312 
5814 312 312 
5814 312 312 
5815 312 312 
5816 312 312 
5817 312 312 
5817 312 312 
5818 312 312 
5819 312 312 
5820 312 312 
5820 312 312 
5821 312 312 
5822 312 312 
5822 312 312 
5823 312 312 
5824 312 313 
5824 312 313 
5825 312 312 
5826 312 312 
5827 312 312 
5827 312 312 
5828 312 312 
5829 312 312 
5830 312 312 
5830 312 312 
5831 312 312 
5832 312 312 
5832 312 312 
5833 312 312 
5834 312 314 
5835 312 314 
5835 312 312 
5836 312 312 
5837 312 312 
5838 312 312 
5838 312 312 
5839 312 312 
5840 312 312 
5840 312 312 
5841 312 312 
5842 312 312 
5843 312 312 
5843 312 312 
5844 312 313 
5845 312 313 
5846 312 312 
5846 312 312 
5847 312 312 
5848 312 312 
5848 312 312 
5849 312 311 
5850 312 311 
5851 312 312 
5851 312 312 
5852 312 312 
5853 312 312 
5854 312 312 
5854 312 312 
5855 312 312 
5856 312 312 
5856 312 312 
5857 312 312 
5858 312 312 
5859 312 311 
5859 312 311 
5860 312 312 
5861 312 312 
5862 312 312 
5862 312 312 
5863 312 312 
5864 312 312 
5864 312 312 
5865 312 312 
5866 312 312 
5867 312 312 
5867 312 312 
5868 312 312 
5869 312 311 
5869 312 311 
5870 312 312 
5871 312 312 
5872 312 313 
5872 312 313 
5873 312 312 
5874 312 312 
5874 312 312 
5875 312 312 
5876 312 312 
5877 312 312 
5877 312 312 
5878 312 312 
5879 312 312 
5880 312 312 
5880 312 312 
5881 312 312 
5882 312 312 
5882 312 312 
5883 312 312 
5884 312 312 
5885 312 312 
5885 312 312 
5886 312 310 
5887 312 310 
5888 312 312 
5888 312 312 
5889 312 312 
5890 312 312 
5891 312 312 
5891 312 312 
5892 312 312 
5893 312 312 
5893 312 312 
5894 312 312 
5895 312 312 
5896 312 313 
5896 312 312 
5897 312 312 
5898 312 312 
5898 312 312 
5899 312 312 
5900 312 312 
5901 312 312 
5901 312 312 
5902 312 312 
5903 312 312 
5904 312 312 
5904 312 312 
5905 312 312 
5906 312 312 
5906 312 312 
5907 312 312 
5908 312 312 
5909 312 312 
5909 312 312 
5910 312 312 
5911 312 312 
5912 312 312 
5912 312 310 
5913 312 312 
5914 312 312 
5914 312 312 
5915 312 312 
5916 312 311 
5917 312 311 
5917 312 312 
5918 312 312 
5919 312 312 
5919 312 312 
5920 312 312 
5921 312 312 
5922 312 312 
5922 312 312 
5923 312 312 
5924 312 312 
5925 312 312 
5925 312 313 
5926 312 312 
5927 312 312 
5927 312 312 
5928 312 312 
5929 312 312 
5930 312 311 
5930 312 312 
5931 312 312 
5932 312 312 
5933 312 314 
5933 312 312 
5934 312 312 
5935 312 312 
5935 312 312 
5936 312 312 
5937 312 312 
5938 312 312 
5938 312 312 
5939 312 312 
5940 312 312 
5941 312 312 
5941 312 312 
5942 312 312 
5943 312 312 
5943 312 312 
5944 312 312 
5945 312 312 
5946 312 313 
5946 312 312 
5947 312 312 
5948 312 312 
5948 312 312 
5949 312 312 
5950 312 314 
5951 312 312 
5951 312 312 
5952 312 312 
5953 312 312 
5954 312 312 
5954 312 312 
5955 312 312 
5956 312 312 
5956 312 312 
5957 312 312 
5958 312 312 
5959 312 313 
5959 312 313 
5960 312 312 
5961 312 312 
5961 312 312 
5962 312 312 
5963 312 312 
5964 312 312 
5964 312 312 
5965 312 312 
5966 312 312 
5966 312 312 
5967 312 312 
5968 312 312 
5969 312 312 
5969 312 313 
5970 312 312 
5971 312 312 
5972 312 312 
5972 312 312 
5973 312 311 
5974 312 311 
5974 312 312 
5975 312 312 
5976 312 312 
5977 312 312 
5977 312 312 
5978 312 312 
5979 312 312 
5980 312 312 
5980 312 312 
5981 312 312 
5982 312 312 
5982 312 312 
5983 312 312 
5984 312 312 
5985 312 312 
5985 312 312 
5986 312 312 
5987 312 312 
5988 312 312 
5988 312 312 
5989 312 312 
5990 312 311 
5990 312 312 
5991 312 312 
5992 312 312 
5993 312 312 
5993 312 312 
5994 312 311 
5995 312 312 
5996 312 312 
5996 312 312 
5997 312 311 
5998 312 312 
5998 312 312 
5999 312 312 
6000 312 312 
6001 312 312 
6001 312 312 
6002 312 312 
6003 312 313 
6003 312 313 
6004 312 312 
6005 312 312 
6006 312 312 
6006 312 312 
6007 312 312 
6008 312 312 
6008 312 312 
6009 312 312 
6010 312 312 
6011 312 312 
6011 312 312 
6012 312 312 
6013 312 314 
6014 312 314 
6014 312 312 
6015 312 312 
6016 312 312 
6016 312 314 
6017 312 312 
6018 312 312 
6019 312 312 
6019 312 312 
6020 312 312 
6021 312 312 
6022 712 312 
6023 712 312 
6023 712 314 
6024 712 313 
6025 712 313 
6026 712 312 
6026 712 312 
6027 712 312 
6028 712 312 
6028 712 313 
6029 712 314 
6030 712 314 
6031 712 314 
6031 712 315 
6032 712 318 
6033 712 318 
6034 712 316 
6034 712 319 
6035 712 319 
6036 712 321 
6037 712 322 
6037 712 323 
6038 712 323 
6039 712 324 
6040 712 326 
6040 712 328 
6041 712 328 
6042 712 329 
6043 712 331 
6043 712 331 
6044 712 332 
6045 712 333 
6046 712 335 
6046 712 335 
6047 712 338 
6048 712 340 
6049 712 341 
6049 712 341 
6050 712 343 
6051 712 344 
6052 712 344 
6052 712 346 
6053 712 348 
6054 712 351 
6054 712 351 
6055 712 352 
6056 712 353 
6057 712 356 
6058 712 356 
6058 712 358 
6059 712 360 
6060 712 360 
6060 712 361 
6061 712 364 
6062 712 365 
6063 712 365 
6063 712 368 
6064 712 369 
6065 712 372 
6066 712 372 
6066 712 374 
6067 712 375 
6068 712 375 
6069 712 378 
6069 712 380 
6070 712 382 
6071 712 382 
6072 712 383 
6072 712 386 
6073 712 388 
6074 712 388 
6075 712 390 
6075 712 392 
6076 712 392 
6077 712 395 
6078 712 395 
6078 712 398 
6079 712 398 
6080 712 400 
6081 712 402 
6081 712 404 
6082 712 404 
6083 712 408 
6084 712 409 
6084 712 411 
6085 712 411 
6086 712 413 
6087 712 415 
6087 712 415 
6088 712 418 
6089 712 420 
6090 712 421 
6090 712 421 
6091 712 423 
6092 712 425 
6093 712 425 
6093 712 428 
6094 712 431 
6095 712 431 
6095 712 431 
6096 712 434 
6097 712 435 
6098 712 438 
6098 712 438 
6099 712 440 
6100 712 442 
6101 712 442 
6101 712 442 
6102 712 447 
6103 712 448 
6104 712 448 
6104 712 450 
6105 712 452 
6106 712 455 
6107 712 455 
6107 712 455 
6108 712 459 
6109 712 461 
6110 712 461 
6110 712 462 
6111 712 461 
6112 712 461 
6113 712 467 
6113 712 469 
6114 712 471 
6115 712 471 
6116 712 473 
6116 712 475 
6117 712 477 
6118 712 477 
6119 712 479 
6119 712 481 
6120 712 481 
6121 712 483 
6122 712 485 
6122 712 488 
6123 712 488 
6124 712 489 
6125 712 491 
6125 712 493 
6126 712 493 
6127 712 495 
6128 712 498 
6128 712 498 
6129 712 500 
6130 712 502 
6131 712 504 
6131 712 504 
6132 712 505 
6133 712 508 
6134 712 511 
6134 712 511 
6135 712 512 
6136 712 514 
6136 712 514 
6137 712 518 
6138 712 519 
6139 712 521 
6139 712 521 
6140 712 523 
6141 712 526 
6142 712 528 
6142 712 528 
6143 712 530 
6144 712 532 
6145 712 532 
6145 712 535 
6146 712 536 
6147 712 538 
6148 712 538 
6148 712 541 
6149 712 543 
6150 712 545 
6151 712 545 
6151 712 547 
6152 712 549 
6153 712 549 
6153 712 551 
6154 712 552 
6155 712 555 
6156 712 555 
6157 712 558 
6157 712 559 
6158 712 561 
6159 712 561 
6160 712 563 
6160 712 565 
6161 712 565 
6162 712 568 
6162 712 569 
6163 712 572 
6164 712 572 
6165 712 573 
6165 712 576 
6166 712 578 
6167 712 578 
6168 712 580 
6168 712 582 
6169 712 582 
6170 712 584 
6171 712 587 
6171 712 588 
6172 712 588 
6173 712 589 
6174 712 593 
6174 712 594 
6175 712 594 
6176 712 596 
6177 712 597 
6177 712 597 
6178 712 600 
6179 712 602 
6180 712 604 
6180 712 604 
6181 712 607 
6182 712 608 
6183 712 610 
6183 712 610 
6184 712 611 
6185 712 613 
6186 712 613 
6186 712 617 
6187 712 618 
6188 712 619 
6188 712 619 
6189 712 623 
6190 712 623 
6191 712 624 
6192 712 624 
6192 712 626 
6193 712 629 
6194 712 630 
6195 712 630 
6195 712 631 
6196 712 633 
6197 712 633 
6197 712 635 
6198 712 636 
6199 712 638 
6200 712 638 
6200 712 639 
6201 712 643 
6202 712 642 
6203 712 642 
6203 712 644 
6204 712 645 
6205 712 645 
6206 712 646 
6206 712 647 
6207 712 648 
6208 712 648 
6209 712 650 
6209 712 651 
6210 712 652 
6211 712 652 
6212 712 654 
6212 712 655 
6213 712 655 
6214 712 656 
6215 712 657 
6215 712 658 
6216 712 658 
6217 712 659 
6218 712 660 
6218 712 660 
6219 712 661 
6220 712 662 
6221 712 663 
6221 712 663 
6222 712 664 
6223 712 666 
6224 712 666 
6224 712 666 
6225 712 667 
6226 712 668 
6227 712 669 
6227 712 669 
6228 712 670 
6229 712 671 
6229 712 671 
6230 712 671 
6231 712 672 
6232 712 673 
6232 712 673 
6233 712 674 
6234 712 674 
6235 712 675 
6235 712 675 
6236 712 676 
6237 712 676 
6238 712 676 
6238 712 678 
6239 712 678 
6240 712 679 
6241 712 679 
6241 712 679 
6242 712 680 
6243 712 681 
6244 712 681 
6244 712 682 
6245 712 682 
6246 712 682 
6247 712 682 
6247 712 683 
6248 712 683 
6249 712 683 
6250 712 684 
6250 712 685 
6251 712 685 
6252 712 685 
6253 712 685 
6253 712 686 
6254 712 686 
6255 712 687 
6256 712 687 
6256 712 687 
6257 712 687 
6258 712 688 
6259 712 689 
6259 712 689 
6260 712 689 
6261 712 689 
6262 712 691 
6262 712 691 
6263 712 691 
6264 712 692 
6265 712 692 
6265 712 692 
6266 712 694 
6267 712 692 
6268 712 692 
6268 712 692 
6269 712 693 
6270 712 693 
6271 712 694 
6271 712 694 
6272 712 694 
6273 712 695 
6273 712 695 
6274 712 695 
6275 712 694 
6276 712 696 
6276 712 696 
6277 712 696 
6278 712 696 
6279 712 696 
6279 712 696 
6280 712 697 
6281 712 697 
6282 712 697 
6282 712 697 
6283 712 697 
6284 712 698 
6285 712 698 
6285 712 698 
6286 712 698 
6287 712 699 
6288 712 699 
6288 712 699 
6289 712 699 
6290 712 699 
6291 712 699 
6291 712 699 
6292 712 701 
6293 712 701 
6294 712 700 
6294 712 700 
6295 712 700 
6296 712 700 
6297 712 700 
6297 712 701 
6298 712 701 
6299 712 701 
6300 712 704 
6300 712 701 
6301 712 701 
6302 712 703 
6303 712 703 
6303 712 703 
6304 712 703 
6305 712 703 
6306 712 703 
6306 712 703 
6307 712 703 
6308 712 704 
6308 712 704 
6309 712 704 
6310 712 704 
6311 712 704 
6312 712 705 
6312 712 705 
6313 712 705 
6314 712 705 
6315 712 705 
6315 712 704 
6316 712 705 
6317 712 705 
6317 712 705 
6318 712 705 
6319 712 705 
6320 712 705 
6320 712 705 
6321 712 705 
6322 712 705 
6323 712 705 
6323 712 705 
6324 712 705 
6325 712 706 
6326 712 706 
6326 712 706 
6327 712 706 
6328 712 706 
6329 712 706 
6329 712 706 
6330 712 706 
6331 712 706 
6332 712 707 
6332 712 706 
6333 712 707 
6334 712 707 
6334 712 707 
6335 712 707 
6336 712 706 
6337 712 706 
6338 712 707 
6338 712 707 
6339 712 707 
6340 712 707 
6341 712 707 
6341 712 707 
6342 712 707 
6343 712 708 
6343 712 708 
6344 712 708 
6345 712 708 
6346 712 708 
6347 712 708 
6347 712 708 
6348 712 708 
6349 712 708 
6350 712 709 
6350 712 709 
6351 712 708 
6352 712 708 
6352 712 709 
6353 712 709 
6354 712 709 
6355 712 709 
6356 712 708 
6356 712 708 
6357 712 710 
6358 712 709 
6358 712 709 
6359 712 709 
6360 712 709 
6361 712 709 
6361 712 709 
6362 712 709 
6363 712 709 
6364 712 709 
6364 712 709 
6365 712 709 
6366 712 709 
6367 712 709 
6367 712 709 
6368 712 709 
6369 712 709 
6369 712 709 
6370 712 709 
6371 712 709 
6372 712 709 
6373 712 709 
6373 712 709 
6374 712 709 
6375 712 709 
6376 712 709 
6376 712 709 
6377 712 709 
6378 712 709 
6378 712 709 
6379 712 710 
6380 712 710 
6381 712 710 
6382 712 710 
6382 712 710 
6383 712 710 
6384 712 710 
6385 712 710 
6385 712 711 
6386 712 711 
6387 712 710 
6387 712 710 
6388 712 710 
6389 712 710 
6390 712 710 
6390 712 710 
6391 712 710 
6392 712 710 
6393 712 708 
6393 712 710 
6394 712 710 
6395 712 710 
6396 712 711 
6396 712 711 
6397 712 710 
6398 712 710 
6398 712 711 
6399 712 711 
6400 712 710 
6401 712 710 
6401 712 708 
6402 712 708 
6403 712 710 
6404 712 710 
6404 712 710 
6405 712 710 
6406 712 710 
6407 712 710 
6407 712 710 
6408 712 710 
6409 712 710 
6410 712 709 
6410 712 709 
6411 712 710 
6412 712 710 
6412 712 710 
6413 712 710 
6414 712 710 
6415 712 710 
6415 712 710 
6416 712 710 
6417 712 710 
6418 712 710 
6418 712 711 
6419 712 710 
6420 712 710 
6421 712 710 
6421 712 708 
6422 712 710 
6423 712 710 
6424 712 710 
6424 712 710 
6425 712 710 
6426 712 710 
6427 712 711 
6427 712 710 
6428 712 710 
6429 712 710 
6430 712 710 
6430 712 710 
6431 712 710 
6432 712 710 
6432 712 710 
6433 712 710 
6434 712 710 
6435 712 711 
6435 712 710 
6436 712 710 
6437 712 709 
6438 712 710 
6438 712 710 
6439 712 710 
6440 712 710 
6441 712 710 
6441 712 710 
6442 712 711 
6443 712 710 
6443 712 710 
6444 712 710 
6445 712 710 
6446 712 710 
6446 712 710 
6447 712 710 
6448 712 710 
6449 712 710 
6449 712 710 
6450 712 710 
6451 712 710 
6452 712 710 
6452 712 710 
6453 712 708 
6454 712 710 
6454 712 710 
6455 712 710 
6456 712 710 
6457 712 710 
6457 712 710 
6458 712 709 
6459 712 710 
6459 712 710 
6460 712 710 
6461 712 710 
6462 712 710 
6463 712 710 
6463 712 710 
6464 712 710 
6465 712 710 
6466 712 710 
6466 712 710 
6467 712 710 
6468 712 710 
6468 712 710 
6469 712 710 
6470 712 710 
6471 712 710 
6471 712 710 
6472 712 710 
6473 712 710 
6474 712 710 
6474 712 710 
6475 712 710 
6476 712 710 
6476 712 710 
6477 712 708 
6478 712 708 
6479 712 710 
6479 712 710 
6480 712 710 
6481 712 710 
6482 712 709 
6482 712 710 
6483 712 710 
6484 712 708 
6485 712 710 
6485 712 710 
6486 712 710 
6487 712 710 
6488 712 710 
6488 712 710 
6489 712 710 
6490 712 710 
6491 712 709 
6491 712 709 
6492 712 710 
6493 712 710 
6494 712 710 
6494 712 710 
6495 712 710 
6496 712 710 
6497 712 710 
6497 712 710 
6498 712 710 
6499 712 710 
6499 712 710 
6500 712 710 
6501 712 710 
6502 712 710 
6502 712 710 
6503 712 710 
6504 712 710 
6505 712 710 
6505 712 710 
6506 712 710 
6507 712 710 
6508 712 710 
6508 712 712 
6509 712 710 
6510 712 710 
6510 712 710 
6511 712 710 
6512 712 710 
6513 712 710 
6513 712 710 
6514 712 710 
6515 712 710 
6516 712 710 
6516 712 710 
6517 712 711 
6518 712 711 
6519 712 710 
6519 712 710 
6520 712 710 
6521 712 710 
6521 712 710 
6522 712 710 
6523 712 710 
6524 712 710 
6524 712 710 
6525 712 710 
6526 712 710 
6527 712 710 
6527 712 710 
6528 712 710 
6529 712 710 
6530 712 710 
6530 712 710 
6531 712 710 
6532 712 709 
6532 712 710 
6533 712 710 
6534 712 710 
6535 712 710 
6536 712 710 
6536 712 710 
6537 712 710 
6538 712 710 
6539 712 710 
6539 712 710 
6540 712 710 
6541 712 710 
6541 712 710 
6542 712 710 
6543 712 710 
6543 712 710 
6544 712 710 
6545 712 710 
6546 712 710 
6546 712 710 
6547 712 710 
6548 712 710 
6549 712 710 
6549 712 710 
6550 712 710 
6551 712 710 
6552 712 710 
6552 712 710 
6553 712 710 
6554 712 710 
6555 712 710 
6555 712 710 
6556 712 710 
6557 712 710 
6557 712 710 
6558 712 710 
6559 712 710 
6560 712 710 
6560 712 710 
6561 712 710 
6562 712 710 
6563 712 710 
6563 712 711 
6564 712 711 
6565 712 711 
6566 712 710 
6566 712 710 
6567 712 710 
6568 712 710 
6569 712 710 
6569 712 710 
6570 712 710 
6571 712 710 
6572 712 710 
6572 712 710 
6573 712 710 
6574 712 710 
6574 712 710 
6575 712 710 
6576 712 710 
6577 712 710 
6577 712 710 
6578 712 710 
6579 712 710 
6580 712 710 
6580 712 710 
6581 712 710 
6582 712 710 
6583 712 710 
6583 712 710 
6584 712 710 
6585 712 710 
6585 712 710 
6586 712 710 
6587 712 710 
6588 712 710 
6588 712 710 
6589 712 710 
6590 712 710 
6591 712 710 
6591 712 710 
6592 712 710 
6593 712 710 
6593 712 710 
6594 712 710 
6595 712 710 
6596 712 710 
6596 712 710 
6597 712 710 
6598 712 710 
6599 712 710 
6600 712 710 
6600 712 710 
6601 712 710 
6602 712 710 
6602 712 710 
6603 712 710 
6604 712 710 
6605 712 710 
6605 712 710 
6606 712 710 
6607 712 710 
6608 712 710 
6608 712 710 
6609 712 710 
6610 712 710 
6611 712 710 
6611 712 710 
6612 712 710 
6613 712 710 
6614 712 710 
6614 712 711 
6615 712 711 
6616 712 710 
6616 712 710 
6617 712 710 
6618 712 710 
6619 712 710 
6619 712 711 
6620 712 711 
6621 712 710 
6622 712 710 
6622 712 710 
6623 712 710 
6624 712 710 
6625 712 710 
6625 712 710 
6626 712 710 
6627 712 710 
6628 712 710 
6628 712 710 
6629 712 710 
6630 712 710 
6631 712 710 
6631 712 710 
6632 712 711 
6633 712 710 
6633 712 710 
6634 712 710 
6635 712 710 
6636 712 710 
6636 712 710 
6637 712 710 
6638 712 710 
6638 712 710 
6639 712 710 
6640 712 710 
6641 712 710 
6641 712 710 
6642 712 710 
6643 712 710 
6644 712 710 
6644 712 710 
6645 712 710 
6646 712 710 
6647 712 710 
6647 712 710 
6648 712 708 
6649 712 710 
6650 712 710 
6650 712 710 
6651 712 710 
6652 712 710 
6653 712 710 
6653 712 710 
6654 712 711 
6655 712 711 
6656 712 710 
6656 712 710 
6657 712 710 
6658 712 710 
6659 712 710 
6659 712 710 
6660 712 710 
6661 712 710 
6662 712 710 
6662 712 710 
6663 712 710 
6664 712 710 
6665 712 710 
6665 712 710 
6666 712 710 
6667 712 710 
6668 712 710 
6668 712 710 
6669 712 710 
6670 712 710 
6671 712 710 
6671 712 710 
6672 712 710 
6673 712 710 
6673 712 710 
6674 712 711 
6675 712 711 
6676 712 710 
6676 712 710 
6677 712 709 
6678 712 710 
6679 712 710 
6679 712 710 
6680 712 710 
6681 712 710 
6681 712 710 
6682 712 710 
6683 712 710 
6684 712 710 
6684 712 710 
6685 712 710 
6686 712 710 
6687 712 710 
6687 712 710 
6688 712 710 
6689 712 710 
6689 712 711 
6690 712 711 
6691 712 710 
6692 712 710 
6692 712 710 
6693 712 710 
6694 712 710 
6695 712 710 
6695 712 710 
6696 712 710 
6697 712 710 
6698 712 710 
6698 712 710 
6699 712 710 
6700 712 710 
6701 712 710 
6701 712 710 
6702 712 710 
6703 712 710 
6703 712 712 
6704 712 710 
6705 712 710 
6706 712 710 
6706 712 710 
6707 712 710 
6708 712 710 
6709 712 710 
6709 712 710 
6710 712 710 
6711 712 710 
6712 712 710 
6712 712 710 
6713 712 710 
6714 712 709 
6715 712 709 
6715 712 709 
6716 712 710 
6717 712 710 
6718 712 710 
6718 712 710 
6719 712 710 
6720 712 710 
6720 712 710 
6721 712 710 
6722 712 710 
6723 712 710 
6723 712 710 
6724 712 710 
6725 712 710 
6725 712 710 
6726 712 710 
6727 712 710 
6728 712 710 
6728 712 710 
6729 712 710 
6730 712 710 
6731 712 710 
6731 712 710 
6732 712 710 
6733 712 710 
6734 712 710 
6734 712 710 
6735 712 710 
6736 712 710 
6737 712 710 
6737 712 710 
6738 712 710 
6739 712 710 
6740 712 710 
6740 712 710 
6741 712 709 
6742 712 709 
6743 712 710 
6743 712 710 
6744 712 710 
6745 712 710 
6745 712 710 
6746 712 710 
6747 712 710 
6748 712 710 
6748 712 710 
6749 712 710 
6750 712 710 
6751 712 710 
6751 712 710 
6752 712 710 
6753 712 710 
6754 712 710 
6754 712 710 
6755 712 710 
6756 712 710 
6757 712 710 
6757 712 710 
6758 712 710 
6759 712 710 
6760 712 710 
6760 712 710 
6761 712 710 
6762 712 710 
6763 712 710 
6763 712 710 
6764 712 710 
6765 712 710 
6765 712 710 
6766 712 710 
6767 712 710 
6768 712 710 
6768 712 710 
6769 712 710 
6770 712 710 
6771 712 710 
6771 712 710 
6772 712 710 
6773 712 712 
6773 712 712 
6774 712 710 
6775 712 709 
6776 712 710 
6777 712 710 
6777 712 710 
6778 712 710 
6779 712 710 
6779 712 710 
6780 712 710 
6781 712 710 
6782 712 710 
6782 712 710 
6783 712 709 
6784 712 709 
6785 712 710 
6785 712 710 
6786 712 710 
6787 712 710 
6788 712 710 
6788 712 710 
6789 712 710 
6790 712 710 
6791 712 710 
6791 712 710 
6792 712 710 
6793 712 710 
6793 712 710 
6794 712 710 
6795 712 710 
6796 712 709 
6796 712 709 
6797 712 709 
6798 712 710 
6799 712 710 
6799 712 711 
6800 712 711 
6801 712 710 
6802 712 710 
6802 712 710 
6803 712 710 
6804 712 710 
6804 712 710 
6805 712 710 
6806 712 710 
6807 712 710 
6808 312 710 
6809 312 710 
6809 312 710 
6810 312 710 
6811 312 710 
6812 312 710 
6812 312 710 
6813 312 710 
6814 312 710 
6815 312 709 
6815 312 709 
6816 312 709 
6817 312 708 
6817 312 708 
6818 312 707 
6819 312 706 
6820 312 705 
6820 312 705 
6821 312 703 
6822 312 701 
6823 312 700 
6824 312 700 
6824 312 699 
6825 312 697 
6826 312 696 
6827 312 696 
6827 312 695 
6828 312 693 
6829 312 693 
6829 312 691 
6830 312 689 
6831 312 688 
6832 312 688 
6833 312 686 
6833 312 685 
6834 312 685 
6835 312 683 
6836 312 682 
6836 312 680 
6837 312 680 
6838 312 678 
6838 312 676 
6839 312 674 
6840 312 674 
6841 312 672 
6841 312 671 
6842 312 669 
6843 312 669 
6844 312 666 
6844 312 664 
6845 312 664 
6846 312 661 
6847 312 661 
6847 312 659 
6848 312 659 
6849 312 657 
6850 312 656 
6850 312 656 
6851 312 654 
6852 312 651 
6853 312 649 
6853 312 649 
6854 312 648 
6855 312 645 
6856 312 643 
6856 312 643 
6857 312 642 
6858 312 639 
6859 312 637 
6859 312 637 
6860 312 635 
6861 312 634 
6862 312 634 
6862 312 631 
6863 312 630 
6864 312 627 
6864 312 627 
6865 312 625 
6866 312 623 
6867 312 621 
6867 312 621 
6868 312 620 
6869 312 617 
6870 312 617 
6870 312 617 
6871 312 612 
6872 312 610 
6873 312 610 
6873 312 608 
6874 312 607 
6875 312 605 
6876 312 605 
6876 312 602 
6877 312 600 
6878 312 600 
6879 312 599 
6879 312 596 
6880 312 594 
6881 312 594 
6882 312 592 
6882 312 590 
6883 312 588 
6884 312 588 
6885 312 586 
6885 312 584 
6886 312 584 
6887 312 582 
6888 312 580 
6888 312 578 
6889 312 578 
6890 312 576 
6891 312 574 
6891 312 572 
6892 312 572 
6893 312 570 
6894 312 569 
6894 312 569 
6895 312 565 
6896 312 563 
6897 312 562 
6897 312 562 
6898 312 560 
6899 312 557 
6900 312 556 
6900 312 556 
6901 312 553 
6902 312 551 
6903 312 551 
6903 312 549 
6904 312 547 
6905 312 545 
6905 312 545 
6906 312 543 
6907 312 540 
6908 312 538 
6908 312 538 
6909 312 536 
6910 312 534 
6911 312 533 
6911 312 533 
6912 312 531 
6913 312 527 
6914 312 527 
6914 312 525 
6915 312 524 
6916 312 521 
6917 312 521 
6917 312 519 
6918 312 516 
6919 312 516 
6920 312 515 
6920 312 511 
6921 312 510 
6922 312 510 
6923 312 509 
6923 312 507 
6924 312 503 
6925 312 503 
6926 312 502 
6926 312 500 
6927 312 498 
6928 312 498 
6929 312 495 
6929 312 493 
6930 312 493 
6931 312 492 
6932 312 489 
6932 312 488 
6933 312 488 
6934 312 485 
6935 312 483 
6935 312 483 
6936 312 483 
6937 312 479 
6938 312 478 
6938 312 474 
6939 312 474 
6940 312 473 
6941 312 471 
6941 312 471 
6942 312 469 
6943 312 467 
6944 312 464 
6944 312 464 
6945 312 462 
6946 312 460 
6947 312 458 
6947 312 458 
6948 312 457 
6949 312 455 
6950 312 455 
6950 312 451 
6951 312 450 
6952 312 449 
6952 312 449 
6953 312 447 
6954 312 443 
6955 312 442 
6955 312 442 
6956 312 440 
6957 312 438 
6958 312 438 
6958 312 435 
6959 312 434 
6960 312 432 
6961 312 432 
6961 312 430 
6962 312 428 
6963 312 425 
6964 312 425 
6964 312 423 
6965 312 421 
6966 312 421 
6967 312 420 
6967 312 415 
6968 312 415 
6969 312 415 
6970 312 414 
6970 312 412 
6971 312 410 
6972 312 410 
6973 312 408 
6973 312 406 
6974 312 406 
6975 312 405 
6976 312 402 
6976 312 400 
6977 312 400 
6978 312 400 
6979 312 395 
6979 312 395 
6980 312 395 
6981 312 393 
6981 312 392 
6982 312 392 
6983 312 391 
6984 312 390 
6984 312 388 
6985 312 388 
6986 312 386 
6987 312 384 
6987 312 384 
6988 312 383 
6989 312 382 
6990 312 380 
6990 312 380 
6991 312 379 
6992 312 378 
6993 312 378 
6993 312 376 
6994 312 375 
6995 312 374 
6995 312 374 
6996 312 372 
6997 312 371 
6998 312 370 
6998 312 370 
6999 312 369 
7000 312 368 
7001 312 368 
7001 312 366 
7002 312 363 
7003 312 364 
7004 312 364 
7004 312 363 
7005 312 362 
7006 312 361 
7007 312 361 
7007 312 360 
7008 312 359 
7009 312 359 
7009 312 358 
7010 312 358 
7011 312 356 
7012 312 356 
7013 312 355 
7013 312 354 
7014 312 354 
7015 312 354 
7016 312 352 
7016 312 352 
7017 312 352 
7018 312 351 
7018 312 351 
7019 312 348 
7020 312 348 
7021 312 349 
7022 312 348 
7022 312 348 
7023 312 348 
7024 312 346 
7025 312 346 
7025 312 346 
7026 312 344 
7027 312 344 
7027 312 343 
7028 312 343 
7029 312 343 
7030 312 342 
7030 312 342 
7031 312 342 
7032 312 343 
7033 312 341 
7033 312 341 
7034 312 340 
7035 312 340 
7036 312 339 
7036 312 339 
7037 312 339 
7038 312 338 
7039 312 335 
7039 312 335 
7040 312 336 
7041 312 336 
7042 312 336 
7042 312 335 
7043 312 335 
7044 312 335 
7044 312 335 
7045 312 334 
7046 312 334 
7047 312 333 
7047 312 333 
7048 312 333 
7049 312 332 
7050 312 332 
7050 312 332 
7051 312 332 
7052 312 331 
7053 312 331 
7053 312 331 
7054 312 331 
7055 312 331 
7056 312 331 
7056 312 332 
7057 312 330 
7058 312 330 
7059 312 329 
7059 312 329 
7060 312 329 
7061 312 329 
7062 312 329 
7062 312 328 
7063 312 328 
7064 312 328 
7065 312 328 
7065 312 328 
7066 312 328 
7067 312 326 
7068 312 326 
7068 312 325 
7069 312 325 
7070 312 326 
7071 312 325 
7071 312 325 
7072 312 325 
7073 312 325 
7074 312 324 
7074 312 324 
7075 312 324 
7076 312 324 
7077 312 324 
7077 312 324 
7078 312 323 
7079 312 323 
7080 312 323 
7080 312 323 
7081 312 323 
7082 312 322 
7082 312 322 
7083 312 322 
7084 312 322 
7085 312 322 
7085 312 322 
7086 312 322 
7087 312 321 
7088 312 321 
7088 312 321 
7089 312 321 
7090 312 321 
7090 312 321 
7091 312 321 
7092 312 320 
7093 312 320 
7093 312 322 
7094 312 320 
7095 312 320 
7096 312 320 
7096 312 319 
7097 312 319 
7098 312 319 
7099 312 319 
7099 312 319 
7100 312 319 
7101 312 319 
7101 312 319 
7102 312 319 
7103 312 319 
7104 312 318 
7104 312 318 
7105 312 319 
7106 312 319 
7107 312 318 
7107 312 318 
7108 312 318 
7109 312 318 
7110 312 318 
7110 312 318 
7111 312 318 
7112 312 318 
7113 312 318 
7113 312 316 
7114 312 316 
7115 312 316 
7116 312 316 
7116 312 316 
7117 312 316 
7118 312 316 
7119 312 316 
7119 312 316 
7120 312 315 
7121 312 315 
7122 312 315 
7122 312 315 
7123 312 315 
7124 312 315 
7125 312 315 
7125 312 315 
7126 312 315 
7127 312 315 
7127 312 315 
7128 312 315 
7129 312 314 
7130 312 314 
7130 312 314 
7131 312 314 
7132 312 314 
7133 312 314 
7133 312 314 
7134 312 314 
7135 312 314 
7136 312 314 
7136 312 314 
7137 312 314 
7138 312 314 
7139 312 314 
7139 312 314 
7140 312 314 
7141 312 314 
7141 312 314 
7142 312 313 
7143 312 313 
7144 312 313 
7144 312 313 
7145 312 313 
7146 312 313 
7147 312 313 
7147 312 311 
7148 312 313 
7149 312 313 
7150 312 313 
7150 312 313 
7151 312 313 
7152 312 311 
7152 312 313 
7153 312 311 
7154 312 311 
7155 312 310 
7155 312 313 
7156 312 313 
7157 312 312 
7158 312 312 
7158 312 312 
7159 312 312 
7160 312 312 
7161 312 312 
7161 312 312 
7162 312 312 
7163 312 313 
7163 312 312 
7164 312 312 
7165 312 312 
7166 312 312 
7166 312 312 
7167 312 314 
7168 312 312 
7169 312 312 
7169 312 312 
7170 312 312 
7171 312 312 
7171 312 312 
7172 312 312 
7173 312 312 
7174 312 313 
7174 312 313 
7175 312 314 
7176 312 312 
7176 312 312 
7177 312 312 
7178 312 312 
7179 312 312 
7179 312 312 
7180 312 312 
7181 312 311 
7181 312 311 
7182 312 312 
7183 312 313 
7184 312 313 
7184 312 312 
7185 312 311 
7186 312 312 
7187 312 312 
7187 312 312 
7188 312 312 
7189 312 312 
7189 312 310 
7190 312 313 
7191 312 313 
7192 312 312 
7192 312 312 
7193 312 312 
7194 312 312 
7195 312 312 
7195 312 312 
7196 312 312 
7197 312 313 
7197 312 312 
7198 312 312 
7199 312 312 
7200 312 312 
7200 312 312 
7201 312 312 
7202 312 312 
7203 312 313 
7203 312 312 
7204 312 312 
7205 312 312 
7206 312 312 
7206 312 312 
7207 312 312 
7208 312 312 
7208 312 312 
7209 312 312 
7210 312 312 
7211 312 312 
7211 312 312 
7212 312 312 
7213 312 312 
7213 312 312 
7214 312 312 
7215 312 312 
7216 312 312 
7216 312 312 
7217 312 310 
7218 312 312 
7218 312 312 
7219 312 314 
7220 312 312 
7221 312 312 
7221 312 312 
7222 312 312 
7223 312 312 
7223 312 312 
7224 312 312 
7225 312 312 
7226 312 312 
7226 312 312 
7227 312 312 
7228 312 312 
7229 312 312 
7229 312 312 
7230 312 312 
7231 312 312 
7231 312 313 
7232 312 312 
7233 312 313 
7234 312 313 
7234 312 313 
7235 312 312 
7236 312 312 
7237 312 312 
7237 312 312 
7238 312 312 
7239 312 312 
7240 312 312 
7240 312 312 
7241 312 312 
7242 312 312 
7242 312 312 
7243 312 312 
7244 312 312 
7245 312 312 
7245 312 312 
7246 312 312 
7247 312 312 
7248 312 312 
7248 312 312 
7249 312 312 
7250 312 311 
7250 312 312 
7251 312 312 
7252 312 312 
7253 312 312 
7253 312 312 
7254 312 312 
7255 312 312 
7255 312 312 
7256 312 312 
7257 312 312 
7258 312 312 
7258 312 312 
7259 312 312 
7260 312 312 
7261 312 312 
7261 312 312 
7262 312 312 
7263 312 312 
7263 312 312 
7264 312 312 
7265 312 312 
7265 312 312 
7266 312 312 
7267 312 312 
7268 312 312 
7268 312 312 
7269 312 312 
7270 312 312 
7271 312 312 
7271 312 312 
7272 312 312 
7273 312 312 
7273 312 312 
7274 312 312 
7275 312 312 
7276 312 312 
7276 312 312 
7277 312 312 
7278 312 312 
7278 312 312 
7279 312 312 
7280 312 312 
7281 312 312 
7281 312 312 
7282 312 311 
7283 312 311 
7284 312 314 
7284 312 312 
7285 312 312 
7286 312 312 
7286 312 312 
7287 312 312 
7288 312 312 
7289 312 312 
7289 312 314 
7290 312 314 
7291 312 312 
7292 312 313 
7292 312 312 
7293 312 312 
7294 312 312 
7295 312 312 
7295 312 312 
7296 312 312 
7297 312 312 
7297 312 312 
7298 312 312 
7299 312 312 
7300 312 311 
7300 312 311 
7301 312 312 
7302 312 312 
7303 312 312 
7303 312 312 
7304 312 312 
7305 312 312 
7305 312 312 
7306 312 312 
7307 312 312 
7308 312 312 
7308 312 312 
7309 312 312 
7310 312 312 
7310 312 312 
7311 312 312 
7312 312 312 
7313 312 312 
7313 312 312 
7314 312 312 
7315 312 312 
7315 312 312 
7316 312 310 
7317 312 311 
7318 312 311 
7318 312 312 
7319 312 312 
7320 312 312 
7321 312 312 
7321 312 312 
7322 312 312 
7323 312 312 
7323 312 312 
7324 312 312 
7325 312 312 
7326 312 312 
7326 312 312 
7327 312 312 
7328 312 312 
7329 312 312 
7329 312 312 
7330 312 312 
7331 312 312 
7331 312 312 
7332 312 312 
7333 312 312 
7334 312 312 
7334 312 312 
7335 312 312 
7336 312 312 
7337 312 312 
7337 312 312 
7338 312 312 
7339 312 312 
7339 312 312 
7340 312 312 
7341 312 312 
7342 312 312 
7342 312 312 
7343 312 312 
7344 312 312 
7345 312 312 
7345 312 312 
7346 312 312 
7347 312 312 
7347 312 312 
7348 312 312 
7349 312 312 
7350 312 312 
7350 312 312 
7351 312 312 
7352 312 312 
7353 312 313 
7353 312 313 
7354 312 314 
7355 312 312 
7355 312 312 
7356 312 312 
7357 312 312 
7358 312 312 
7358 312 312 
7359 312 312 
7360 312 312 
7360 312 312 
7361 312 312 
7362 312 312 
7363 312 312 
7363 312 312 
7364 312 312 
7365 312 312 
7366 312 312 
7366 312 312 
7367 312 312 
7368 312 312 
7368 312 312 
7369 312 313 
7370 312 313 
7371 312 312 
7371 312 312 
7372 312 312 
7373 312 312 
7373 312 312 
7374 312 312 
7375 312 312 
7376 312 312 
7376 312 312 
7377 312 311 
7378 312 311 
7379 312 312 
7379 312 313 
7380 312 313 
7381 312 312 
7381 312 311 
7382 312 311 
7383 312 312 
7384 312 312 
7384 312 312 
7385 312 312 
7386 312 312 
7386 312 312 
7387 312 312 
7388 312 312 
7389 312 312 
7389 312 312 
7390 312 312 
7391 312 312 
7392 312 312 
7392 312 312 
7393 312 312 
7394 312 313 
7395 312 312 
7395 312 312 
7396 312 312 
7397 312 312 
7397 312 312 
7398 312 312 
7399 312 312 
7399 312 312 
7400 312 312 
7401 312 312 
7402 312 312 
7402 312 312 
7403 312 312 
7404 312 312 
7404 312 312 
7405 312 310 
7406 312 312 
7407 312 312 
7407 312 312 
7408 312 312 
7409 312 312 
7410 312 312 
7410 312 312 