3732 312 512 
3733 312 512 
3733 312 512 
3734 312 510 
3735 312 511 
3736 312 511 
3736 312 511 
3737 312 511 
3738 312 510 
3739 312 510 
3739 312 509 
3740 312 509 
3741 312 508 
3742 312 508 
3742 312 507 
3743 312 504 
3744 312 503 
3745 312 503 
3745 312 502 
3746 312 501 
3747 312 500 
3748 312 500 
3749 312 499 
3749 312 498 
3750 312 494 
3751 312 494 
3752 312 493 
3752 312 493 
3753 312 493 
3754 312 491 
3754 312 489 
3755 312 488 
3756 312 488 
3757 312 488 
3757 312 483 
3758 312 482 
3759 312 482 
3760 312 480 
3761 312 479 
3761 312 479 
3762 312 474 
3763 312 474 
3763 312 472 
3764 312 472 
3765 312 470 
3766 312 469 
3766 312 468 
3767 312 468 
3768 312 465 
3769 312 463 
3769 312 463 
3770 312 461 
3771 312 460 
3772 312 457 
3772 312 457 
3773 312 455 
3774 312 454 
3775 312 452 
3775 312 452 
3776 312 449 
3777 312 448 
3777 312 448 
3778 312 447 
3779 312 443 
3780 312 441 
3780 312 441 
3781 312 440 
3782 312 438 
3783 312 435 
3783 312 435 
3784 312 433 
3785 312 431 
3786 312 431 
3787 312 430 
3787 312 426 
3788 312 425 
3789 312 425 
3789 312 423 
3790 312 421 
3791 312 419 
3792 312 419 
3792 312 416 
3793 312 415 
3794 312 415 
3795 312 413 
3795 312 411 
3796 312 409 
3797 312 409 
3798 312 408 
3798 312 404 
3799 312 402 
3800 312 402 
3801 312 400 
3801 312 398 
3802 312 398 
3803 312 395 
3804 312 394 
3804 312 391 
3805 312 391 
3806 312 390 
3807 312 388 
3807 312 386 
3808 312 386 
3809 312 383 
3810 312 381 
3810 312 381 
3811 312 380 
3812 312 378 
3813 312 375 
3813 312 375 
3814 312 373 
3815 312 371 
3816 312 369 
3816 312 369 
3817 312 366 
3818 312 364 
3818 312 364 
3819 312 363 
3820 312 360 
3821 312 358 
3821 312 358 
3822 312 356 
3823 312 354 
3824 312 351 
3824 312 351 
3825 312 350 
3826 312 349 
3827 312 344 
3827 312 344 
3828 312 343 
3829 312 342 
3830 312 342 
3830 312 340 
3831 312 336 
3832 312 335 
3833 312 335 
3833 312 333 
3834 312 331 
3835 312 331 
3836 312 328 
3836 312 328 
3837 312 326 
3838 312 326 
3839 312 324 
3839 312 323 
3840 312 321 
3841 312 321 
3842 312 320 
3842 312 318 
3843 312 318 
3844 312 318 
3844 312 316 
3845 312 314 
3846 312 314 
3847 312 313 
3847 312 312 
3848 312 312 
3849 312 312 
3850 312 311 
3850 312 310 
3851 312 310 
3852 312 310 
3852 312 309 
3853 312 309 
3854 312 309 
3855 312 308 
3855 312 308 
3856 312 308 
3857 312 308 
3858 312 306 
3858 312 306 
3859 312 306 
3860 312 306 
3860 312 306 
3861 312 309 
3862 312 306 
3863 312 306 
3863 312 306 
3864 312 305 
3865 312 305 
3865 312 305 
3866 312 305 
3867 312 308 
3868 312 305 
3868 312 305 
3869 312 305 
3870 312 305 
3871 312 305 
3871 312 305 
3872 312 305 
3873 312 305 
3874 312 305 
3874 312 305 
3875 312 305 
3876 312 305 
3877 312 305 
3877 312 306 
3878 312 306 
3879 312 306 
3879 312 306 
3880 312 306 
3881 312 306 
3882 312 306 
3882 312 306 
3883 312 306 
3884 312 306 
3885 312 308 
3885 312 308 
3886 312 309 
3887 312 309 
3888 312 308 
3888 312 308 
3889 312 308 
3890 312 308 
3891 312 308 
3891 312 309 
3892 312 309 
3893 312 309 
3894 312 309 
3894 312 309 
3895 312 309 
3896 312 309 
3896 312 309 
3897 312 309 
3898 312 309 
3899 312 309 
3899 312 310 
3900 312 310 
3901 312 310 
3902 312 310 
3902 312 310 
3903 312 310 
3904 312 310 
3904 312 310 
3905 312 310 
3906 312 310 
3907 312 310 
3907 312 310 
3908 312 310 
3909 312 310 
3909 312 310 
3910 312 310 
3911 312 310 
3912 312 310 
3912 312 310 
3913 312 310 
3914 312 310 
3914 312 310 
3915 312 310 
3916 312 310 
3917 312 310 
3917 312 310 
3918 312 310 
3919 312 310 
3919 312 310 
3920 312 310 
3921 312 310 
3922 312 310 
3922 312 310 
3923 312 310 
3924 312 310 
3925 312 310 
3925 312 310 
3926 312 310 
3927 312 310 
3927 312 310 
3928 312 310 
3929 312 310 
3930 312 310 
3930 312 310 
3931 312 310 
3932 312 310 
3932 312 310 
3933 312 310 
3934 312 310 
3935 312 310 
3935 312 310 
3936 312 310 
3937 312 310 
3938 312 310 
3938 312 310 
3939 312 310 
3940 312 310 
3940 312 310 
3941 312 310 
3942 312 310 
3943 312 310 
3943 312 309 
3944 312 309 
3945 312 308 
3946 312 310 
3946 312 310 
3947 312 309 
3948 312 310 
3948 312 310 
3949 312 310 
3950 312 310 
3951 312 310 
3951 312 310 
3952 312 310 
3953 312 310 
3953 312 310 
3954 312 310 
3955 312 310 
3956 312 310 
3956 312 310 
3957 312 310 
3958 312 310 
3958 312 310 
3959 312 310 
3960 312 310 
3961 312 310 
3961 312 310 
3962 312 310 
3963 312 310 
3963 312 310 
3964 312 310 
3965 312 310 
3966 312 310 
3966 312 310 
3967 312 310 
3968 312 310 
3968 312 310 
3969 312 310 
3970 312 310 
3971 312 310 
3971 312 310 
3972 312 311 
3973 312 311 
3974 312 310 
3974 312 310 
3975 312 310 
3976 312 310 
3976 312 310 
3977 312 310 
3978 312 310 
3979 312 310 
3979 312 310 
3980 312 310 
3981 312 310 
3981 312 310 
3982 312 308 
3983 312 308 
3984 312 310 
3984 312 310 
3985 312 310 
3986 312 310 
3987 312 310 
3987 312 310 
3988 312 310 
3989 312 310 
3989 312 310 
3990 312 310 
3991 312 310 
3992 312 310 
3992 312 310 
3993 312 310 
3994 312 310 
3994 312 310 
3995 312 310 
3996 312 310 
3997 312 310 
3997 312 310 
3998 312 310 
3999 312 310 
3999 312 310 
4000 312 310 
4001 312 310 
4002 312 310 
4002 312 310 
4003 312 310 
4004 312 310 
4004 312 310 
4005 312 310 
4006 312 310 
4007 312 310 
4007 312 310 
4008 312 309 
4009 312 311 
4010 312 311 
4010 312 310 
4011 312 310 
4012 312 310 
4013 312 310 
4013 312 311 
4014 312 310 
4015 312 310 
4015 312 310 
4016 312 310 
4017 312 310 
4018 312 311 
4018 312 310 
4019 312 310 
4020 312 310 
4020 312 310 
4021 312 310 
4022 312 310 
4023 312 310 
4023 312 310 
4024 312 310 
4025 312 310 
4026 312 310 
4026 312 310 
4027 312 310 
4028 312 310 
4028 312 310 
4029 312 310 
4030 312 310 
4031 312 310 
4031 312 310 
4032 312 310 
4033 312 310 
4034 312 310 
4034 312 310 
4035 312 310 
4036 312 310 
4036 312 310 
4037 312 310 
4038 312 310 
4039 312 310 
4039 312 310 
4040 312 310 
4041 312 311 
4041 312 311 
4042 312 311 
4043 312 310 
4044 312 310 
4044 312 310 
4045 312 310 
4046 312 310 
4046 312 310 
4047 312 310 
4048 312 310 
4049 312 310 
4049 312 310 
4050 312 310 
4051 312 309 
4051 312 309 
4052 312 312 
4053 312 310 
4054 312 310 
4054 312 310 
4055 312 310 
4056 312 310 
4057 312 310 
4057 312 310 
4058 312 310 
4059 312 310 
4059 312 310 
4060 312 310 
4061 312 310 
4062 312 310 
4062 312 310 
4063 312 309 
4064 312 309 
4065 312 310 
4065 312 310 
4066 312 310 
4067 312 310 
4067 312 310 
4068 312 310 
4069 312 310 
4070 312 310 
4070 312 310 
4071 312 310 
4072 312 310 
4073 312 311 
4073 312 309 
4074 312 309 
4075 312 310 
4075 312 310 
4076 312 310 
4077 312 310 
4078 312 310 
4078 312 310 
4079 312 310 
4080 312 310 
4080 312 310 
4081 312 310 
4082 312 310 
4083 312 310 
4083 312 310 
4084 312 310 
4085 312 310 
4085 312 310 
4086 312 310 
4087 312 310 
4088 312 310 
4088 312 310 
4089 312 310 
4090 312 310 
4090 312 310 
4091 312 309 
4092 312 310 
4093 312 310 
4093 312 310 
4094 312 310 
4095 312 310 
4095 312 310 
4096 312 310 
4097 312 310 
4098 312 310 
4098 312 310 
4099 312 312 
4100 312 310 
4101 312 310 
4101 312 310 
4102 312 310 
4103 312 310 
4103 312 310 
4104 312 310 
4105 312 310 
4106 312 309 
4106 312 310 
4107 312 310 
4108 312 310 
4109 312 309 
4109 312 310 
4110 312 310 
4111 312 310 
4111 312 310 
4112 312 310 
4113 312 310 
4114 312 310 
4114 312 312 
4115 312 312 
4116 312 310 
4117 312 310 
4117 312 310 
4118 312 310 
4119 312 310 
4119 312 310 
4120 312 310 
4121 312 310 
4122 312 310 
4122 312 310 
4123 312 310 
4124 312 310 
4124 312 310 
4125 312 310 
4126 312 311 
4127 312 309 
4127 312 309 
4128 312 310 
4129 312 310 
4130 312 310 
4130 312 310 
4131 312 310 
4132 312 310 
4132 312 310 
4133 312 309 
4134 312 310 
4134 312 310 
4135 312 310 
4136 312 310 
4137 312 310 
4137 312 310 
4138 312 310 
4139 312 310 
4139 312 310 
4140 312 310 
4141 312 310 
4142 312 310 
4142 312 310 
4143 312 310 
4144 312 310 
4145 312 310 
4145 312 310 
4146 312 310 
4147 312 310 
4147 312 309 
4148 312 310 
4149 312 310 
4150 312 310 
4150 312 310 
4151 312 310 
4152 312 310 
4153 312 310 
4153 312 310 
4154 312 310 
4155 312 310 
4155 312 310 
4156 312 310 
4157 312 310 
4158 312 310 
4158 312 310 
4159 312 310 
4160 312 310 
4160 312 310 
4161 312 310 
4162 312 310 
4163 312 310 
4163 312 310 
4164 312 310 
4165 312 310 
4166 312 310 
4166 312 310 
4167 312 310 
4168 312 310 
4168 312 309 
4169 312 309 
4170 312 311 
4171 312 310 
4171 312 310 
4172 312 310 
4173 312 310 
4174 312 310 
4174 312 310 
4175 312 310 
4176 312 310 
4176 312 310 
4177 312 310 
4178 312 311 
4178 312 311 
4179 312 309 
4180 312 310 
4181 312 310 
4181 312 310 
4182 312 310 
4183 312 310 
4183 312 310 
4184 312 310 
4185 312 310 
4186 312 310 
4186 312 310 
4187 312 310 
4188 312 310 
4189 312 310 
4189 312 310 
4190 312 310 
4191 312 310 
4191 312 311 
4192 312 310 
4193 312 310 
4194 312 310 
4194 312 310 
4195 312 311 
4196 312 311 
4197 312 310 
4197 312 310 
4198 312 310 
4199 312 310 
4199 312 309 
4200 312 308 
4201 312 308 
4202 312 310 
4202 312 310 
4203 312 310 
4204 312 310 
4205 312 310 
4205 312 310 
4206 312 310 
4207 312 310 
4207 312 310 
4208 312 310 
4209 312 310 
4210 312 310 
4210 312 310 
4211 312 310 
4212 312 310 
4212 312 310 
4213 312 310 
4214 312 310 
4215 312 310 
4215 312 310 
4216 312 310 
4217 312 310 
4218 312 310 
4218 312 310 
4219 312 308 
4220 312 310 
4220 312 310 
4221 312 310 
4222 312 310 
4223 312 310 
4223 312 310 
4224 312 310 
4225 312 310 
4225 312 310 
4226 312 310 
4227 312 310 
4228 312 310 
4228 312 310 
4229 312 310 
4230 312 310 
4230 312 310 
4231 312 310 
4232 312 310 
4233 312 310 
4233 312 310 
4234 312 310 
4235 312 310 
4235 312 309 
4236 312 310 
4237 312 310 
4238 312 310 
4238 312 310 
4239 312 310 
4240 312 310 
4241 312 310 
4241 312 310 
4242 312 310 
4243 312 310 
4244 312 310 
4244 312 309 
4245 312 309 
4246 312 310 
4246 312 310 
4247 312 310 
4248 312 310 
4249 312 310 
4249 312 310 
4250 312 310 
4251 312 310 
4251 312 310 
4252 312 310 
4253 312 310 
4254 312 310 
4254 312 310 
4255 312 310 
4256 312 310 
4257 312 311 
4257 312 311 
4258 312 310 
4259 312 312 
4259 312 310 
4260 312 310 
4261 312 310 
4262 312 312 
4262 312 312 
4263 312 310 
4264 312 310 
4264 312 310 
4265 312 310 
4266 312 310 
4267 312 310 
4267 312 310 
4268 312 310 
4269 312 310 
4269 312 310 
4270 312 310 
4271 312 310 
4272 312 310 
4272 312 310 
4273 312 310 
4274 712 310 
4275 712 310 
4276 712 310 
4276 712 310 
4277 712 310 
4278 712 310 
4279 712 310 
4279 712 310 
4280 712 311 
4281 712 312 
4282 712 312 
4282 712 312 
4283 712 313 
4284 712 313 
4285 712 313 
4285 712 315 
4286 712 316 
4287 712 316 
4288 712 318 
4288 712 319 
4289 712 321 
4290 712 321 
4291 712 322 
4291 712 323 
4292 712 324 
4293 712 324 
4294 712 326 
4294 712 328 
4295 712 328 
4296 712 329 
4297 712 329 
4297 712 332 
4298 712 332 
4299 712 333 
4299 712 336 
4300 712 336 
4301 712 336 
4302 712 339 
4302 712 340 
4303 712 340 
4304 712 343 
4305 712 345 
4305 712 345 
4306 712 346 
4307 712 349 
4308 712 350 
4308 712 350 
4309 712 351 
4310 712 353 
4311 712 356 
4311 712 356 
4312 712 358 
4313 712 360 
4314 712 363 
4314 712 363 
4315 712 363 
4316 712 365 
4316 712 365 
4317 712 368 
4318 712 370 
4319 712 372 
4319 712 372 
4320 712 374 
4321 712 376 
4322 712 378 
4323 712 378 
4323 712 380 
4324 712 382 
4325 712 382 
4325 712 385 
4326 712 386 
4327 712 388 
4328 712 388 
4328 712 390 
4329 712 392 
4330 712 394 
4331 712 394 
4332 712 395 
4332 712 398 
4333 712 400 
4334 712 400 
4335 712 403 
4335 712 405 
4336 712 405 
4337 712 408 
4337 712 411 
4338 712 411 
4339 712 411 
4340 712 413 
4340 712 415 
4341 712 418 
4342 712 418 
4343 712 420 
4344 712 422 
4344 712 422 
4345 712 424 
4346 712 426 
4346 712 428 
4347 712 428 
4348 712 430 
4349 712 432 
4349 712 434 
4350 712 434 
4351 712 436 
4352 712 439 
4353 712 440 
4353 712 440 
4354 712 442 
4355 712 444 
4355 712 444 
4356 712 445 
4357 712 449 
4358 712 450 
4358 712 450 
4359 712 453 
4360 712 455 
4361 712 457 
4361 712 457 
4362 712 458 
4363 712 461 
4363 712 461 
4364 712 462 
4365 712 464 
4366 712 467 
4367 712 467 
4367 712 469 
4368 712 471 
4369 712 473 
4370 712 473 
4370 712 474 
4371 712 477 
4372 712 477 
4372 712 479 
4373 712 481 
4374 712 483 
4375 712 483 
4375 712 485 
4376 712 488 
4377 712 492 
4378 712 492 
4379 712 492 
4379 712 493 
4380 712 493 
4381 712 497 
4381 712 499 
4382 712 500 
4383 712 500 
4384 712 502 
4384 712 504 
4385 712 505 
4386 712 505 
4387 712 508 
4387 712 511 
4388 712 511 
4389 712 512 
4390 712 514 
4390 712 516 
4391 712 516 
4392 712 520 
4393 712 521 
4393 712 523 
4394 712 523 
4395 712 526 
4396 712 528 
4396 712 528 
4397 712 530 
4398 712 531 
4399 712 535 
4399 712 535 
4400 712 536 
4401 712 538 
4402 712 538 
4402 712 541 
4403 712 543 
4404 712 545 
4404 712 545 
4405 712 547 
4406 712 549 
4407 712 550 
4407 712 550 
4408 712 553 
4409 712 556 
4410 712 558 
4410 712 558 
4411 712 559 
4412 712 561 
4413 712 561 
4413 712 563 
4414 712 569 
4415 712 568 
4416 712 568 
4416 712 569 
4417 712 572 
4418 712 572 
4419 712 572 
4419 712 576 
4420 712 578 
4421 712 578 
4422 712 581 
4422 712 582 
4423 712 584 
4424 712 584 
4425 712 587 
4425 712 588 
4426 712 590 
4427 712 590 
4428 712 593 
4428 712 594 
4429 712 594 
4430 712 596 
4431 712 598 
4431 712 599 
4432 712 599 
4433 712 602 
4434 712 605 
4434 712 607 
4435 712 607 
4436 712 609 
4437 712 610 
4437 712 612 
4438 712 612 
4439 712 614 
4440 712 618 
4440 712 618 
4441 712 619 
4442 712 621 
4443 712 624 
4443 712 624 
4444 712 626 
4445 712 627 
4446 712 630 
4446 712 630 
4447 712 632 
4448 712 634 
4449 712 634 
4449 712 636 
4450 712 638 
4451 712 642 
4451 712 642 
4452 712 642 
4453 712 645 
4454 712 647 
4454 712 647 
4455 712 648 
4456 712 650 
4457 712 650 
4457 712 654 
4458 712 655 
4459 712 656 
4460 712 656 
4460 712 659 
4461 712 661 
4462 712 662 
4463 712 662 
4463 712 664 
4464 712 667 
4465 712 667 
4466 712 670 
4466 712 671 
4467 712 673 
4468 712 673 
4469 712 676 
4469 712 678 
4470 712 680 
4471 712 680 
4472 712 682 
4472 712 684 
4473 712 686 
4474 712 686 
4475 712 687 
4475 712 691 
4476 712 691 
4477 712 692 
4478 712 694 
4478 712 696 
4479 712 696 
4480 712 698 
4481 712 699 
4481 712 700 
4482 712 700 
4483 712 703 
4484 712 705 
4484 712 705 
4485 712 706 
4486 712 707 
4487 712 709 
4487 712 709 
4488 712 709 
4489 712 710 
4490 712 711 
4490 712 711 
4491 712 712 
4492 712 712 
4492 712 712 
4493 712 716 
4494 712 715 
4495 712 715 
4495 712 715 
4496 712 716 
4497 712 716 
4498 712 717 
4498 712 717 
4499 712 717 
4500 712 717 
4501 712 717 
4501 712 718 
4502 712 718 
4503 712 718 
4504 712 718 
4504 712 717 
4505 712 719 
4506 712 718 
4507 712 718 
4507 712 718 
4508 712 718 
4509 712 718 
4510 712 718 
4510 712 718 
4511 712 718 
4512 712 718 
4513 712 718 
4513 712 718 
4514 712 717 
4515 712 717 
4516 712 717 
4516 712 717 
4517 712 717 
4518 712 717 
4519 712 716 
4519 712 716 
4520 712 716 
4521 712 716 
4522 712 715 
4522 712 715 
4523 712 715 
4524 712 715 
4525 712 715 
4525 712 715 
4526 712 715 
4527 712 713 
4527 712 715 
4528 712 715 
4529 712 713 
4530 712 713 
4531 712 711 
4531 712 711 
4532 712 713 
4533 712 713 
4534 712 713 
4534 712 712 
4535 712 712 
4536 712 712 
4536 712 712 
4537 712 712 
4538 712 712 
4539 712 712 
4539 712 712 
4540 712 712 
4541 712 712 
4542 712 712 
4542 712 712 
4543 712 711 
4544 712 712 
4544 712 712 
4545 712 712 
4546 712 712 
4547 712 712 
4548 712 712 
4548 712 711 
4549 712 712 
4550 712 712 
4551 712 712 
4551 712 712 
4552 712 712 
4553 712 712 
4553 712 712 
4554 712 712 
4555 712 712 
4556 712 712 
4556 712 712 
4557 712 712 
4558 712 712 
4559 712 712 
4559 712 712 
4560 712 712 
4561 712 712 
4562 712 713 
4562 712 712 
4563 712 712 
4564 712 712 
4564 712 712 
4565 712 712 
4566 712 712 
4567 712 710 
4567 712 712 
4568 712 712 
4569 712 712 
4570 712 712 
4570 712 712 
4571 712 712 
4572 712 712 
4573 712 712 
4573 712 712 
4574 712 712 
4575 712 712 
4576 712 712 
4576 712 712 
4577 712 712 
4578 712 712 
4578 712 712 
4579 712 712 
4580 712 712 
4581 712 712 
4581 712 712 
4582 712 712 
4583 712 712 
4584 712 712 
4584 712 712 
4585 712 712 
4586 712 712 
4586 712 712 
4587 712 712 
4588 712 712 
4589 712 712 
4589 712 712 
4590 712 712 
4591 712 712 
4592 712 712 
4592 712 712 
4593 712 712 
4594 712 712 
4595 712 712 
4595 712 711 
4596 712 711 
4597 712 712 
4598 712 712 
4598 712 712 
4599 712 712 
4600 712 712 
4601 712 712 
4601 712 711 
4602 712 712 
4603 712 712 
4603 712 712 
4604 712 712 
4605 712 712 
4606 712 712 
4606 712 712 
4607 712 712 
4608 712 712 
4609 712 712 
4609 712 712 
4610 712 712 
4611 712 712 
4612 712 712 
4612 712 712 
4613 712 712 
4614 712 712 
4615 712 712 
4615 712 712 
4616 712 712 
4617 712 712 
4617 712 713 
4618 712 713 
4619 712 713 
4620 712 712 
4620 712 712 
4621 712 712 
4622 712 712 
4623 712 712 
4623 712 712 
4624 712 712 
4625 712 712 
4626 712 712 
4626 712 712 
4627 712 713 
4628 712 712 
4628 712 712 
4629 712 712 
4630 712 712 
4631 712 712 
4631 712 712 
4632 712 712 
4633 712 712 
4633 712 712 
4634 712 712 
4635 712 712 
4636 712 712 
4636 712 711 
4637 712 712 
4638 712 711 
4639 712 711 
4639 712 712 
4640 712 712 
4641 712 712 
4642 712 712 
4642 712 712 
4643 712 712 
4644 712 712 
4645 712 712 
4645 712 712 
4646 712 712 
4647 712 712 
4648 712 712 
4648 712 713 
4649 712 713 
4650 712 712 
4650 712 712 
4651 712 711 
4652 712 711 
4653 712 715 
4653 712 712 
4654 712 712 
4655 712 712 
4656 712 712 
4657 712 712 
4657 712 712 
4658 712 712 
4659 712 712 
4659 712 712 
4660 712 712 
4661 712 712 
4662 712 712 
4662 712 712 
4663 712 712 
4664 712 712 
4665 712 712 
4665 712 712 
4666 712 712 
4667 712 712 
4668 712 712 
4668 712 712 
4669 712 712 
4670 712 713 
4671 712 712 
4671 712 712 
4672 712 712 
4673 712 712 
4674 712 712 
4674 712 711 
4675 712 711 
4676 712 712 
4676 712 712 
4677 712 712 
4678 712 712 
4679 712 712 
4679 712 712 
4680 712 712 
4681 712 712 
4682 712 712 
4682 712 713 
4683 712 711 
4684 712 712 
4685 712 712 
4685 712 712 
4686 712 712 
4687 712 712 
4688 712 712 
4688 712 710 
4689 712 712 
4690 712 712 
4690 712 712 
4691 712 712 
4692 712 712 
4693 712 712 
4693 712 712 
4694 712 712 
4695 712 712 
4696 712 712 
4696 712 711 
4697 712 712 
4698 712 712 
4699 712 712 
4699 712 712 
4700 712 712 
4701 712 712 
4702 712 712 
4702 712 712 
4703 712 712 
4704 712 712 
4705 712 712 
4705 712 712 
4706 712 712 
4707 712 712 
4708 712 712 
4708 712 712 
4709 712 712 
4710 712 712 
4711 712 712 
4711 712 712 
4712 712 712 
4713 712 712 
4714 712 712 
4714 712 712 
4715 712 712 
4716 712 712 
4716 712 712 
4717 712 712 
4718 712 712 
4719 712 712 
4719 712 712 
4720 712 712 
4721 712 712 
4721 712 712 
4722 712 712 
4723 712 712 
4724 712 712 
4724 712 712 
4725 712 712 
4726 712 712 
4727 712 712 
4727 712 711 
4728 712 712 
4729 712 712 
4730 712 712 
4730 712 712 
4731 712 712 
4732 712 712 
4733 712 712 
4733 712 712 
4734 712 712 
4735 712 712 
4736 712 712 
4736 712 712 
4737 712 712 
4738 712 712 
4739 712 712 
4739 712 712 
4740 712 712 
4741 712 712 
4742 712 712 
4742 712 712 
4743 712 712 
4744 712 711 
4745 712 712 
4745 712 712 
4746 712 712 
4747 712 712 
4748 712 710 
4748 712 710 
4749 712 712 
4750 712 712 
4750 712 712 
4751 712 712 
4752 712 712 
4753 712 712 
4753 712 712 
4754 712 712 
4755 712 712 
4756 712 712 
4756 712 712 
4757 712 713 
4758 712 712 
4759 712 710 
4759 712 710 
4760 712 712 
4761 712 712 
4762 712 712 
4762 712 712 
4763 712 712 
4764 712 712 
4764 712 712 
4765 712 712 
4766 712 712 
4767 712 712 
4767 712 712 
4768 712 712 
4769 712 712 
4770 712 712 
4770 712 712 
4771 712 713 
4772 712 712 
4773 712 712 
4773 712 711 
4774 712 710 
4775 712 710 
4776 712 712 
4776 712 712 
4777 712 712 
4778 712 712 
4778 712 712 
4779 712 712 
4780 712 712 
4781 712 712 
4781 712 712 
4782 712 711 
4783 712 711 
4784 712 712 
4784 712 712 
4785 712 712 
4786 712 712 
4787 712 712 
4787 712 713 
4788 712 713 
4789 712 712 
4790 712 712 
4790 712 712 
4791 712 712 
4792 712 711 
4793 712 712 
4793 712 712 
4794 712 712 
4795 712 712 
4795 712 712 
4796 712 712 
4797 712 712 
4798 712 712 
4798 712 712 
4799 712 712 
4800 712 712 
4801 712 712 
4801 712 712 
4802 712 712 
4803 712 712 
4804 712 712 
4804 712 712 
4805 712 710 
4806 712 711 
4806 712 711 
4807 712 712 
4808 712 712 
4809 712 712 
4809 712 712 
4810 712 712 
4811 712 712 
4812 712 712 
4812 712 712 
4813 712 712 
4814 712 712 
4814 712 712 
4815 712 713 
4816 712 712 
4817 712 712 
4817 712 712 
4818 712 713 
4819 712 712 
4820 712 712 
4820 712 712 
4821 712 712 
4822 712 712 
4823 712 712 
4823 712 712 
4824 712 712 
4825 712 712 
4826 712 711 
4826 712 711 
4827 712 712 
4828 712 712 
4829 712 712 
4829 712 712 
4830 712 712 
4831 712 712 
4832 712 712 
4832 712 712 
4833 712 712 
4834 712 712 
4834 712 712 
4835 712 712 
4836 712 712 
4837 712 712 
4837 712 712 
4838 712 712 
4839 712 712 
4840 712 712 
4840 712 712 
4841 712 712 
4842 712 712 
4843 712 712 
4843 712 712 
4844 712 711 
4845 712 712 
4846 712 712 
4846 712 712 
4847 712 712 
4848 712 712 
4849 712 712 
4849 712 712 
4850 712 712 
4851 712 712 
4851 712 712 
4852 712 712 
4853 712 712 
4854 712 712 
4854 712 712 
4855 712 712 
4856 712 712 
4857 712 711 
4857 712 711 
4858 712 712 
4859 712 712 
4860 712 712 
4860 712 712 
4861 712 712 
4862 712 712 
4863 712 712 
4863 712 712 
4864 712 712 
4865 712 712 
4866 712 712 
4866 712 711 
4867 712 712 
4868 712 712 
4868 712 712 
4869 712 712 
4870 712 712 
4871 712 712 
4871 712 711 
4872 712 712 
4873 712 712 
4874 712 712 
4874 712 712 
4875 712 712 
4876 712 712 
4877 712 712 
4877 712 712 
4878 712 712 
4879 712 712 
4880 712 712 
4880 712 712 
4881 712 712 
4882 712 712 
4883 712 712 
4883 712 712 
4884 712 712 
4885 712 711 
4886 712 712 
4886 712 712 
4887 712 712 
4888 712 712 
4889 712 712 
4889 712 712 
4890 712 712 
4891 712 715 
4891 712 715 
4892 712 712 
4893 712 712 
4894 712 711 
4894 712 711 
4895 712 712 
4896 712 712 
4897 712 712 
4897 712 712 
4898 712 712 
4899 712 712 
4899 712 712 
4900 712 712 
4901 712 712 
4902 712 712 
4902 712 712 
4903 712 712 
4904 712 712 
4905 712 712 
4905 712 712 
4906 712 712 
4907 712 712 
4908 712 712 
4908 712 712 
4909 712 712 
4910 712 712 
4910 712 712 
4911 712 712 
4912 712 711 
4913 712 711 
4913 712 711 
4914 712 712 
4915 712 712 
4916 712 712 
4916 712 712 
4917 712 712 
4918 712 712 
4919 712 711 
4919 712 712 
4920 712 712 
4921 712 712 
4922 712 712 
4922 712 712 
4923 712 712 
4924 712 712 
4924 712 712 
4925 712 712 
4926 712 712 
4927 712 712 
4927 712 712 
4929 312 712 
4929 312 712 
4930 312 712 
4931 312 712 
4932 312 712 
4932 312 712 
4933 312 711 
4934 312 711 
4935 312 711 
4935 312 711 
4936 312 709 
4937 312 709 
4938 312 708 
4938 312 708 
4939 312 707 
4940 312 706 
4941 312 705 
4941 312 705 
4942 312 704 
4943 312 703 
4944 312 703 
4944 312 699 
4945 312 698 
4946 312 697 
4946 312 697 
4947 312 696 
4948 312 695 
4949 312 693 
4949 312 693 
4950 312 692 
4951 312 689 
4952 312 689 
4952 312 688 
4953 312 686 
4954 312 684 
4955 312 684 
4955 312 682 
4956 312 682 
4957 312 680 
4958 312 680 
4958 312 676 
4959 312 675 
4960 312 674 
4961 312 674 
4961 312 672 
4962 312 671 
4963 312 671 
4964 312 668 
4964 312 666 
4965 312 664 
4966 312 664 
4967 312 662 
4967 312 661 
4968 312 659 
4969 312 659 
4970 312 656 
4970 312 655 
4971 312 655 
4972 312 652 
4973 312 650 
4973 312 648 
4974 312 648 
4975 312 647 
4976 312 645 
4976 312 642 
4977 312 642 
4978 312 641 
4979 312 638 
4979 312 637 
4980 312 637 
4981 312 634 
4982 312 633 
4982 312 633 
4983 312 631 
4984 312 629 
4985 312 626 
4985 312 626 
4986 312 624 
4987 312 623 
4988 312 620 
4988 312 620 
4989 312 621 
4990 312 617 
4990 312 617 
4991 312 613 
4992 312 611 
4993 312 610 
4993 312 610 
4994 312 608 
4995 312 605 
4996 312 604 
4997 312 604 
4997 312 601 
4998 312 600 
4999 312 600 
5000 312 597 
5000 312 595 
5001 312 594 
5002 312 594 
5002 312 589 
5003 312 589 
5004 312 587 
5005 312 587 
5005 312 585 
5006 312 583 
5007 312 583 
5008 312 583 
5008 312 580 
5009 312 578 
5010 312 578 
5011 312 575 
5011 312 573 
5012 312 571 
5013 312 571 
5014 312 569 
5014 312 568 
5015 312 564 
5016 312 564 
5017 312 563 
5018 312 560 
5018 312 560 
5019 312 558 
5020 312 557 
5020 312 553 
5021 312 553 
5022 312 552 
5023 312 550 
5023 312 550 
5024 312 550 
5025 312 546 
5026 312 544 
5026 312 544 
5027 312 541 
5028 312 540 
5029 312 537 
5029 312 537 
5030 312 535 
5031 312 534 
5032 312 531 
5032 312 531 
5033 312 528 
5034 312 527 
5035 312 527 
5035 312 525 
5036 312 522 
5037 312 521 
5037 312 521 
5038 312 519 
5039 312 515 
5040 312 513 
5040 312 513 
5041 312 511 
5042 312 510 
5043 312 510 
5043 312 508 
5044 312 505 
5045 312 503 
5046 312 503 
5046 312 502 
5047 312 499 
5048 312 498 
5049 312 498 
5049 312 495 
5050 312 493 
5051 312 493 
5052 312 491 
5052 312 489 
5053 312 488 
5054 312 488 
5055 312 484 
5055 312 482 
5056 312 481 
5057 312 481 
5058 312 478 
5058 312 475 
5059 312 474 
5060 312 474 
5061 312 472 
5061 312 470 
5062 312 470 
5063 312 468 
5064 312 467 
5064 312 463 
5065 312 463 
5066 312 461 
5067 312 460 
5067 312 458 
5068 312 458 
5069 312 455 
5070 312 453 
5070 312 451 
5071 312 451 
5072 312 450 
5073 312 448 
5073 312 448 
5074 312 445 
5075 312 443 
5076 312 441 
5076 312 441 
5077 312 439 
5078 312 436 
5079 312 436 
5079 312 435 
5080 312 432 
5081 312 431 
5081 312 431 
5082 312 429 
5083 312 426 
5084 312 424 
5084 312 424 
5085 312 422 
5086 312 421 
5087 312 421 
5087 312 418 
5088 312 415 
5089 312 414 
5090 312 414 
5090 312 413 
5091 312 410 
5092 312 408 
5093 312 408 
5093 312 405 
5094 312 402 
5095 312 402 
5096 312 401 
5096 312 400 
5097 312 398 
5098 312 398 
5099 312 395 
5099 312 393 
5100 312 391 
5101 312 391 
5102 312 389 
5102 312 386 
5103 312 386 
5104 312 384 
5105 312 383 
5105 312 380 
5106 312 380 
5107 312 378 
5108 312 376 
5108 312 374 
5109 312 374 
5110 312 372 
5111 312 370 
5111 312 370 
5112 312 368 
5113 312 365 
5114 312 363 
5114 312 363 
5115 312 362 
5116 312 360 
5117 312 358 
5117 312 358 
5118 312 355 
5119 312 353 
5120 312 353 
5120 312 351 
5121 312 349 
5122 312 346 
5122 312 346 
5123 312 344 
5124 312 342 
5125 312 340 
5125 312 340 
5126 312 339 
5127 312 335 
5128 312 334 
5128 312 334 
5129 312 332 
5130 312 331 
5131 312 331 
5131 312 328 
5132 312 326 
5133 312 325 
5134 312 325 
5134 312 323 
5135 312 322 
5136 312 321 
5137 312 321 
5137 312 319 
5138 312 318 
5139 312 318 
5140 312 316 
5140 312 315 
5141 312 314 
5142 312 314 
5143 312 312 
5143 312 312 
5144 312 312 
5145 312 311 
5145 312 310 
5146 312 309 
5147 312 309 
5148 312 310 
5148 312 309 
5149 312 309 
5150 312 308 
5151 312 308 
5151 312 308 
5152 312 308 
5153 312 306 
5154 312 306 
5154 312 306 
5155 312 306 
5156 312 306 
5156 312 305 
5157 312 305 
5158 312 305 
5159 312 305 
5159 312 305 
5160 312 305 
5161 312 305 
5162 312 305 
5162 312 305 
5163 312 305 
5164 312 305 
5165 312 305 
5165 312 305 
5166 312 305 
5167 312 304 
5167 312 304 
5168 312 305 
5169 312 305 
5170 312 305 
5170 312 305 
5171 312 305 
5172 312 306 
5173 312 306 
5173 312 306 
5174 312 306 
5175 312 306 
5176 312 306 
5176 312 306 
5177 312 306 
5178 312 306 
5179 312 306 
5179 312 308 
5180 312 308 
5181 312 308 
5181 312 308 
5182 312 308 
5183 312 308 
5184 312 308 
5185 312 308 
5185 312 308 
5186 312 309 
5187 312 309 
5188 312 309 
5188 312 309 
5189 312 309 
5190 312 309 
5190 312 309 
5191 312 309 
5192 312 309 
5193 312 309 
5193 312 309 
5194 312 309 
5195 312 310 
5196 312 310 
5196 312 310 
5197 312 310 
5198 312 310 
5198 312 310 
5199 312 310 
5200 312 310 
5201 312 310 
5201 312 310 
5202 312 310 
5203 312 310 
5204 312 310 
5204 312 310 
5205 312 310 
5206 312 310 
5206 312 310 
5207 312 309 
5208 312 309 
5209 312 310 
5209 312 310 
5210 312 310 
5211 312 309 
5211 312 309 
5212 312 310 
5213 312 310 
5214 312 310 
5214 312 310 
5215 312 310 
5216 312 310 
5216 312 310 
5217 312 310 
5218 312 310 
5219 312 310 
5219 312 310 
5220 312 310 
5221 312 310 
5222 312 310 
5222 312 310 
5223 312 310 
5224 312 310 
5224 312 311 
5225 312 310 
5226 312 310 
5227 312 310 
5227 312 310 
5228 312 310 
5229 312 310 
5230 312 309 
5230 312 310 
5231 312 310 
5232 312 310 
5232 312 311 
5233 312 310 
5234 312 310 
5235 312 310 
5235 312 310 
5236 312 310 
5237 312 311 
5238 312 310 
5238 312 309 
5239 312 309 
5240 312 310 
5241 312 310 
5241 312 310 
5242 312 310 
5243 312 310 
5243 312 310 
5244 312 310 
5245 312 310 
5246 312 310 
5246 312 310 
5247 312 310 
5248 312 311 
5248 312 308 
5249 312 308 
5250 312 310 
5251 312 310 
5251 312 310 
5252 312 310 
5253 312 310 
5253 312 310 
5254 312 310 
5255 312 310 
5256 312 312 
5256 312 312 
5257 312 310 
5258 312 310 
5258 312 310 
5259 312 311 
5260 312 310 
5261 312 310 
5261 312 310 
5262 312 310 
5263 312 310 
5263 312 310 
5264 312 310 
5265 312 310 
5266 312 310 
5266 312 310 
5267 312 310 
5268 312 310 
5269 312 310 
5269 312 310 
5270 312 310 
5271 312 310 
5271 312 310 
5272 312 310 
5273 312 310 
5274 312 310 
5274 312 310 
5275 312 310 
5276 312 310 
5276 312 310 
5277 312 310 
5278 312 310 
5279 312 310 
5279 312 310 
5280 312 310 
5281 312 310 
5282 312 310 
5282 312 312 
5283 312 312 
5284 312 310 
5284 312 310 
5285 312 310 
5286 312 310 
5287 312 311 
5287 312 310 
5288 312 310 
5289 312 310 
5289 312 310 
5290 312 310 
5291 312 310 
5292 312 311 
5292 312 310 
5293 312 310 
5294 312 310 
5295 312 310 
5295 312 310 
5296 312 310 
5297 312 310 
5297 312 310 
5298 312 310 
5299 312 310 
5300 312 310 
5300 312 310 
5301 312 310 
5302 312 310 
5302 312 310 
5303 312 310 
5304 312 310 
5305 312 310 
5305 312 310 
5306 312 310 
5307 312 310 
5307 312 310 
5308 312 311 
5309 312 310 
5310 312 310 
5310 312 310 
5311 312 310 
5312 312 310 
5313 312 310 
5313 312 309 
5314 312 310 
5315 312 310 
5315 312 310 
5316 312 310 
5317 312 310 
5318 312 310 
5318 312 310 
5319 312 310 
5320 312 310 
5321 312 310 
5321 312 310 
5322 312 310 
5323 312 310 
5323 312 310 
5324 312 310 
5325 312 310 
5326 312 310 
5326 312 310 
5327 312 310 
5328 312 310 
5329 312 311 
5329 312 310 
5330 312 310 
5331 312 310 
5331 312 310 
5332 312 310 
5333 312 310 
5334 312 310 
5334 312 310 
5335 312 310 
5336 312 310 
5336 312 310 
5337 312 310 
5338 312 310 
5339 312 310 
5339 312 310 
5340 312 310 
5341 312 310 
5342 312 308 
5342 312 308 
5343 312 309 
5344 312 310 
5344 312 310 
5345 312 310 
5346 312 311 
5347 312 310 
5347 312 310 
5348 312 310 
5349 312 310 
5349 312 310 
5350 312 311 
5351 312 310 
5352 312 309 
5352 312 309 
5353 312 310 
5354 312 310 
5354 312 310 
5355 312 310 
5356 312 310 
5357 312 310 
5357 312 310 
5358 312 310 
5359 312 310 
5360 312 310 
5360 312 311 
5361 312 310 
5362 312 310 
5362 312 310 
5363 312 310 
5364 312 310 
5365 312 310 
5365 312 310 
5366 312 310 
5367 312 310 
5368 312 311 
5368 312 310 
5369 312 310 
5370 312 310 
5370 312 310 
5371 312 310 
5372 312 312 
5373 312 310 
5373 312 310 
5374 312 310 
5375 312 310 
5375 312 310 
5376 312 310 
5377 312 310 
5378 312 309 
5378 312 310 
5379 312 310 
5380 312 310 
5380 312 310 
5381 312 310 
5382 312 312 
5383 312 310 
5383 312 310 
5384 312 310 
5385 312 310 
5386 312 310 
5386 312 310 
5387 312 311 
5388 312 310 
5388 312 310 
5389 312 310 
5390 312 310 
5391 312 310 
5391 312 310 
5392 312 310 
5393 312 310 
5393 312 310 
5394 312 310 
5395 312 310 
5396 312 310 
5396 312 310 
5397 312 310 
5398 312 310 
5398 312 310 
5399 312 310 
5400 312 310 
5401 312 310 
5401 312 310 
5402 312 310 
5403 312 310 
5404 312 310 
5404 312 310 
5405 312 310 
5406 312 310 
5406 312 310 
5407 312 310 
5408 312 310 
5409 312 310 
5409 312 310 
5410 312 310 
5411 312 310 
5411 312 310 
5412 312 310 
5413 312 310 
5414 312 310 
5414 312 310 
5415 312 310 
5416 312 310 
5417 312 310 
5417 312 310 
5418 312 310 
5419 312 310 
5419 312 310 
5420 312 310 
5421 312 311 
5422 312 310 
5422 312 310 
5423 312 310 
5424 312 310 
5424 312 310 
5425 312 310 
5426 312 310 
5427 312 310 
5427 312 309 
5428 312 309 
5429 312 310 
5430 312 311 
5430 312 311 
5431 312 310 
5432 312 310 
5432 312 310 
5433 312 310 
5434 312 310 
5435 312 309 
5435 312 309 
5436 312 310 
5437 312 310 
5437 312 310 
5438 312 310 
5439 312 310 
5440 312 310 
5440 312 310 
5441 312 310 
5442 312 310 
5442 312 310 
5443 312 310 
5444 312 310 
5445 312 310 
5445 312 310 
5446 312 310 
5447 312 310 
5448 312 310 
5448 312 310 
5449 312 310 
5450 312 310 
5450 312 310 
5451 312 310 
5452 312 310 
5453 312 310 
5453 312 310 
5454 312 310 
5455 312 310 
5456 312 310 
5456 312 310 
5457 312 310 
5458 312 310 
5458 312 310 
5459 312 310 
5460 312 310 
5461 312 309 
5461 312 310 
5462 312 310 
5463 312 310 
5464 312 310 
5464 312 311 
5465 312 311 
5466 312 311 
5466 312 310 
5467 312 310 
5468 312 310 
5469 312 310 
5469 312 310 
5470 312 312 
5471 312 310 
5471 312 310 
5472 312 310 
5473 312 310 
5474 312 310 
5474 312 310 
5475 312 310 
5476 312 310 
5477 312 310 
5477 312 310 
5478 312 309 
5479 312 310 
5479 312 310 
5480 312 310 
5481 312 310 
5482 312 310 
5482 312 310 
5483 312 310 
5484 312 310 
5484 312 310 
5485 312 310 
5486 312 310 
5487 312 310 
5487 312 310 
5488 312 310 
5489 312 310 
5489 312 310 
5490 312 310 
5491 312 310 
5492 312 310 
5492 312 310 
5493 312 310 
5494 312 310 
5494 312 310 
5495 312 310 
5496 312 310 
5497 312 310 
5497 312 310 
5498 312 310 
5499 312 310 
5500 312 310 
5500 312 310 
5501 312 310 
5502 312 310 
5502 312 310 
5503 312 309 
5504 312 309 
5505 312 310 
5505 312 310 
5506 312 310 
5507 312 310 
5507 312 310 
5508 312 310 
5509 312 310 
5510 312 310 
5510 312 310 
5511 312 310 
5512 312 310 
5513 312 310 
5513 312 310 
5514 312 309 
5515 312 310 
5515 312 310 
5516 312 310 
5517 312 310 
5518 312 310 
5518 312 310 
5519 312 310 
5520 312 310 
5521 312 310 
5521 312 310 
5522 312 310 
5523 312 310 
5523 312 310 
5524 312 310 
5525 312 309 
5526 312 310 
5526 312 310 
5527 312 308 
5528 312 310 
5528 312 310 
5529 312 310 
5530 312 310 
5531 312 310 
5531 312 310 
5532 312 310 
5533 312 310 
5533 312 310 
5534 312 310 
5535 312 310 
5536 312 310 
5536 312 310 
5537 312 310 
5538 312 310 
5539 312 310 
5539 312 310 
5540 312 310 
5541 312 310 
5541 312 310 
5542 312 310 
5543 312 310 
5544 312 310 
5544 312 310 
5545 312 310 
5546 312 310 
5547 312 310 
5547 312 310 
5548 312 310 
5549 312 310 
5549 312 310 
5550 312 310 
5551 312 310 
5552 312 310 
5552 312 310 
5553 312 310 
5554 312 310 
5554 312 310 
5555 312 310 
5556 312 310 
5557 312 310 
5557 312 310 
5558 312 310 
5559 312 310 
5560 312 310 
5560 312 310 
5561 312 311 
5562 312 310 
5562 312 308 
5563 312 308 
5564 312 310 
5565 312 310 
5565 312 310 
5566 312 310 
5567 312 310 
5568 312 310 
5568 312 310 
5569 312 309 
5570 312 310 
5570 312 310 
5571 312 310 
5572 312 309 
5573 312 309 
5573 312 310 
5574 312 310 
5575 312 310 
5575 312 310 
5576 312 310 
5577 312 310 
5578 312 310 
5578 312 310 
5579 312 310 
5580 312 310 
5580 312 310 
5581 312 310 
5582 312 310 
5583 712 310 
5584 712 310 
5584 712 310 
5585 712 310 
5586 712 310 
5587 712 310 
5587 712 311 
5588 712 311 
5589 712 311 
5590 712 312 
5590 712 312 
5591 712 313 
5592 712 313 
5593 712 314 
5593 712 315 
5594 712 315 
5595 712 316 
5596 712 318 
5596 712 319 
5597 712 319 
5598 712 321 
5599 712 322 
5599 712 323 
5600 712 323 
5601 712 324 
5602 712 325 
5602 712 325 
5603 712 328 
5604 712 329 
5605 712 331 
5605 712 331 
5606 712 332 
5607 712 334 
5608 712 335 
5608 712 335 
5609 712 336 
5610 712 340 
5611 712 340 
5611 712 341 
5612 712 342 
5613 712 344 
5613 712 344 
5614 712 346 
5615 712 349 
5616 712 350 
5616 712 350 
5617 712 352 
5618 712 354 
5619 712 354 
5619 712 356 
5620 712 358 
5621 712 360 
5621 712 360 
5622 712 362 
5623 712 363 
5624 712 365 
5625 712 365 
5625 712 368 
5626 712 370 
5627 712 370 
5627 712 372 
5628 712 374 
5629 712 376 
5630 712 376 
5630 712 378 
5631 712 381 
5632 712 382 
5633 712 382 
5633 712 384 
5634 712 383 
5635 712 383 
5636 712 388 
5636 712 391 
5637 712 392 
5638 712 392 
5639 712 394 
5639 712 396 
5640 712 399 
5641 712 399 
5642 712 401 
5642 712 403 
5643 712 403 
5644 712 405 
5645 712 408 
5645 712 409 
5646 712 409 
5647 712 412 
5648 712 414 
5648 712 415 
5649 712 415 
5650 712 418 
5651 712 420 
5651 712 420 
5652 712 420 
5653 712 423 
5654 712 426 
5654 712 426 
5655 712 428 
5656 712 430 
5657 712 432 
5657 712 432 
5658 712 434 
5659 712 436 
5660 712 436 
5660 712 438 
5661 712 440 
5662 712 443 
5662 712 443 
5663 712 444 
5664 712 447 
5665 712 449 
5665 712 449 
5666 712 450 
5667 712 452 
5668 712 455 
5668 712 455 
5669 712 457 
5670 712 458 
5671 712 458 
5671 712 461 
5672 712 463 
5673 712 464 
5674 712 464 
5674 712 467 
5675 712 470 
5676 712 471 
5677 712 471 
5677 712 473 
5678 712 472 
5679 712 472 
5680 712 477 
5680 712 480 
5681 712 481 
5682 712 481 
5683 712 483 
5683 712 485 
5684 712 488 
5685 712 488 
5686 712 490 
5686 712 492 
5687 712 493 
5688 712 493 
5689 712 495 
5689 712 498 
5690 712 498 
5691 712 501 
5692 712 502 
5692 712 503 
5693 712 503 
5694 712 507 
5695 712 509 
5695 712 509 
5696 712 509 
5697 712 512 
5698 712 515 
5698 712 515 
5699 712 516 
5700 712 519 
5701 712 522 
5701 712 522 
5702 712 524 
5703 712 526 
5704 712 527 
5704 712 527 
5705 712 531 
5706 712 533 
5706 712 533 
5707 712 534 
5708 712 535 
5709 712 538 
5709 712 538 
5710 712 540 
5711 712 543 
5712 712 545 
5712 712 545 
5713 712 547 
5714 712 549 
5715 712 549 
5715 712 550 
5716 712 555 
5717 712 556 
5718 712 556 
5718 712 557 
5719 712 560 
5720 712 560 
5721 712 562 
5721 712 564 
5722 712 565 
5723 712 565 
5724 712 569 
5724 712 570 
5725 712 572 
5726 712 572 
5727 712 574 
5727 712 576 
5728 712 578 
5729 712 578 
5730 712 580 
5730 712 583 
5731 712 583 
5732 712 584 
5733 712 586 
5733 712 588 
5734 712 588 
5735 712 592 
5736 712 592 
5736 712 594 
5737 712 594 
5738 712 597 
5739 712 599 
5739 712 600 
5740 712 600 
5741 712 602 
5742 712 605 
5742 712 605 
5743 712 607 
5744 712 610 
5745 712 611 
5745 712 611 
5746 712 612 
5747 712 615 
5748 712 617 
5748 712 617 
5749 712 621 
5750 712 621 
5750 712 621 
5751 712 623 
5752 712 625 
5753 712 629 
5753 712 629 
5754 712 630 
5755 712 632 
5756 712 635 
5756 712 635 
5757 712 636 
5758 712 638 
5759 712 638 
5759 712 641 
5760 712 643 
5761 712 644 
5762 712 644 
5762 712 646 
5763 712 648 
5764 712 650 
5765 712 650 
5765 712 651 
5766 712 657 
5767 712 657 
5768 712 657 
5768 712 659 
5769 712 660 
5770 712 660 
5771 712 662 
5771 712 666 
5772 712 667 
5773 712 667 
5774 712 669 
5774 712 671 
5775 712 674 
5776 712 674 
5777 712 675 
5777 712 678 
5778 712 678 
5779 712 680 
5780 712 682 
5780 712 683 
5781 712 683 
5782 712 686 
5783 712 687 
5783 712 689 
5784 712 689 
5785 712 692 
5786 712 695 
5786 712 695 
5787 712 696 
5788 712 697 
5789 712 699 
5789 712 699 
5790 712 701 
5791 712 703 
5792 712 704 
5792 712 704 
5793 712 706 
5794 712 707 
5795 712 708 
5795 712 708 
5796 712 709 
5797 712 711 
5797 712 711 
5798 712 711 
5799 712 712 
5800 712 713 
5800 712 713 
5801 712 713 
5802 712 715 
5803 712 713 
5803 712 713 
5804 712 716 
5805 712 716 
5806 712 716 
5806 712 717 
5807 712 717 
5808 712 718 
5809 712 718 
5809 712 718 
5810 712 718 
5811 712 718 
5812 712 718 
5812 712 718 
5813 712 717 
5814 712 717 
5815 712 718 
5815 712 718 
5816 712 718 
5817 712 718 
5818 712 718 
5818 712 718 
5819 712 718 
5820 712 718 
5821 712 718 
5821 712 718 
5822 712 718 
5823 712 718 
5824 712 717 
5824 712 717 
5825 712 717 
5826 712 717 
5827 712 716 
5827 712 716 
5828 712 716 
5829 712 713 
5830 712 715 
5830 712 715 
5831 712 715 
5832 712 715 
5833 712 715 
5833 712 715 
5834 712 715 
5835 712 715 
5836 712 715 
5836 712 715 
5837 712 715 
5838 712 713 
5839 712 713 
5839 712 713 
5840 712 713 
5841 712 713 
5841 712 713 
5842 712 713 
5843 712 712 
5844 712 712 
5844 712 712 
5845 712 712 
5846 712 712 
5847 712 712 
5847 712 712 
5848 712 712 
5849 712 712 
5850 712 712 
5850 712 711 
5851 712 712 
5852 712 712 
5852 712 712 
5853 712 713 
5854 712 712 
5855 712 712 
5855 712 712 
5856 712 712 
5857 712 712 
5858 712 712 
5859 712 712 
5859 712 712 
5860 712 712 
5861 712 712 
5861 712 712 
5862 712 712 
5863 712 712 
5864 712 712 
5864 712 712 
5865 712 712 
5866 712 712 
5867 712 712 
5868 712 712 
5868 712 712 
5869 712 712 
5870 712 712 
5870 712 712 
5871 712 712 
5872 712 712 
5873 712 712 
5873 712 712 
5874 712 712 
5875 712 712 
5876 712 712 
5876 712 712 
5877 712 712 
5878 712 712 
5879 712 712 
5879 712 712 
5880 712 712 
5881 712 712 
5882 712 712 
5882 712 712 
5883 712 712 
5884 712 712 
5884 712 712 
5885 712 712 
5886 712 712 
5887 712 712 
5887 712 712 
5888 712 711 
5889 712 712 
5889 712 712 
5890 712 712 
5891 712 712 
5892 712 712 
5892 712 712 
5893 712 712 
5894 712 712 
5895 712 712 
5895 712 712 
5896 712 712 
5897 712 710 
5898 712 710 
5898 712 712 
5899 712 712 
5900 712 712 
5901 712 711 
5901 712 712 
5902 712 712 
5903 712 712 
5903 712 712 
5904 712 712 
5905 712 712 
5906 712 712 
5906 712 712 
5907 712 712 
5908 712 712 
5909 712 712 
5909 712 711 
5910 712 712 
5911 712 712 
5912 712 712 
5912 712 712 
5913 712 712 
5914 712 712 
5915 712 712 
5915 712 712 
5916 712 712 
5917 712 712 
5917 712 712 
5918 712 712 
5919 712 713 
5920 712 712 
5920 712 712 
5921 712 712 
5922 712 712 
5923 712 712 
5923 712 712 
5924 712 712 
5925 712 712 
5926 712 712 
5926 712 712 
5927 712 712 
5928 712 712 
5929 712 712 
5929 712 712 
5930 712 712 
5931 712 712 
5931 712 712 
5932 712 713 
5933 712 712 
5934 712 712 
5934 712 711 
5935 712 712 
5936 712 712 
5936 712 712 
5937 712 712 
5938 712 712 
5939 712 712 
5939 712 712 
5940 712 712 
5941 712 712 
5942 712 712 
5942 712 712 
5943 712 712 
5944 712 712 
5945 712 712 
5945 712 712 
5946 712 712 
5947 712 712 
5948 712 712 
5948 712 712 
5949 712 712 
5950 712 712 
5951 712 712 
5951 712 712 
5952 712 712 
5953 712 712 
5954 712 711 
5954 712 712 
5955 712 712 
5956 712 712 
5957 712 712 
5957 712 712 
5958 712 712 
5959 712 712 
5960 712 712 
5960 712 712 
5961 712 712 
5962 712 712 
5962 712 712 
5963 712 712 
5964 712 712 
5965 712 712 
5965 712 712 
5966 712 710 
5967 712 710 
5968 712 712 
5968 712 712 
5969 712 712 
5970 712 712 
5971 712 712 
5971 712 712 
5972 712 712 
5973 712 711 
5973 712 711 
5974 712 712 
5975 712 712 
5976 712 712 
5976 712 712 
5977 712 712 
5978 712 712 
5979 712 712 
5979 712 712 
5980 712 712 
5981 712 712 
5982 712 712 
5982 712 712 
5983 712 712 
5984 712 711 
5985 712 711 
5985 712 712 
5986 712 712 
5987 712 712 
5987 712 712 
5988 712 712 
5989 712 712 
5990 712 712 
5990 712 712 
5991 712 712 
5992 712 712 
5993 712 713 
5993 712 712 
5994 712 712 
5995 712 712 
5996 712 712 
5996 712 712 
5997 712 712 
5998 712 712 
5999 712 712 
5999 712 712 
6000 712 712 
6001 712 712 
6002 712 712 
6002 712 712 
6003 712 712 
6004 712 712 
6005 712 712 
6005 712 712 
6006 712 712 
6007 712 712 
6007 712 712 
6008 712 712 
6009 712 712 
6010 712 712 
6010 712 712 
6011 712 712 
6012 712 711 
6013 712 712 
6013 712 712 
6014 712 712 
6015 712 712 
6016 712 712 
6016 712 712 
6017 712 712 
6018 712 712 
6018 712 712 
6019 712 712 
6020 712 712 
6021 712 712 
6021 712 712 
6022 712 712 
6023 712 711 
6024 712 712 
6024 712 712 
6025 712 712 
6026 712 713 
6027 712 713 
6027 712 711 
6028 712 712 
6029 712 712 
6030 712 712 
6030 712 712 
6031 712 712 
6032 712 712 
6033 712 712 
6033 712 712 
6034 712 712 
6035 712 712 
6035 712 712 
6036 712 712 
6037 712 712 
6038 712 712 
6039 712 712 
6039 712 712 
6040 712 712 
6041 712 712 
6042 712 712 
6042 712 712 
6043 712 712 
6044 712 712 
6044 712 712 
6045 712 712 
6046 712 712 
6047 712 712 
6048 712 712 
6048 712 712 
6049 712 712 
6050 712 712 
6051 712 712 
6051 712 712 
6052 712 712 
6053 712 712 
6053 712 712 
6054 712 712 
6055 712 712 
6056 712 712 
6056 712 712 
6057 712 712 
6058 712 712 
6059 712 712 
6059 712 712 
6060 712 712 
6061 712 712 
6062 712 712 
6062 712 712 
6063 712 712 
6064 712 712 
6065 712 712 
6065 712 712 
6066 712 712 
6067 712 712 
6067 712 712 
6068 712 712 
6069 712 712 
6070 712 712 
6070 712 712 
6071 712 712 
6072 712 712 
6073 712 712 
6073 712 712 
6074 712 712 
6075 712 712 
6076 712 712 
6076 712 712 
6077 712 712 
6078 712 712 
6079 712 712 
6079 712 711 
6080 712 712 
6081 712 712 
6081 712 712 
6082 712 712 
6083 712 712 
6084 712 712 
6084 712 712 
6085 712 712 
6086 712 712 
6087 712 712 
6087 712 712 
6088 712 712 
6089 712 712 
6090 712 712 
6090 712 712 
6091 712 712 
6092 712 712 
6093 712 712 
6093 712 712 
6094 712 712 
6095 712 712 
6096 712 712 
6096 712 712 
6097 712 712 
6098 712 712 
6099 712 712 
6099 712 712 
6100 712 712 
6101 712 712 
6102 712 712 
6102 712 712 
6103 712 712 
6104 712 712 
6105 712 712 
6105 712 712 
6106 712 712 
6107 712 712 
6107 712 712 
6108 712 715 
6109 712 712 
6110 712 712 
6110 712 712 
6111 712 712 
6112 712 712 
6113 712 712 
6113 712 712 
6114 712 712 
6115 712 712 
6116 712 712 
6116 712 712 
6117 712 712 
6118 712 712 
6119 712 712 
6119 712 712 
6120 712 712 
6121 712 712 
6122 712 712 
6122 712 712 
6123 712 712 
6124 712 712 
6124 712 712 
6125 712 712 
6126 712 712 
6127 712 712 
6127 712 712 
6128 712 712 
6129 712 712 
6130 712 712 
6130 712 712 
6131 712 712 
6132 712 712 
6133 712 712 
6133 712 712 
6134 712 712 
6135 712 712 
6136 712 712 
6136 712 712 
6137 712 712 
6138 712 712 
6139 712 712 
6139 712 712 
6140 712 712 
6141 712 712 
6141 712 712 
6142 712 712 
6143 712 712 
6144 712 712 
6144 712 712 
6145 712 712 
6146 712 710 
6147 712 712 
6147 712 712 
6148 712 712 
6149 712 712 
6150 712 712 
6150 712 712 
6151 712 712 
6152 712 712 
6153 712 710 
6153 712 710 
6154 712 711 
6155 712 712 
6155 712 712 
6156 712 712 
6157 712 712 
6158 712 712 
6158 712 712 
6159 712 712 
6160 712 712 
6161 712 712 
6161 712 712 
6162 712 712 
6163 712 712 
6164 712 712 
6164 712 712 
6165 712 712 
6166 712 712 
6166 712 712 
6167 712 713 
6168 712 712 
6169 712 712 
6169 712 712 
6170 712 712 
6171 712 712 
6172 712 712 
6172 712 712 
6173 712 712 
6174 712 712 
6175 712 711 
6175 712 712 
6176 712 712 
6177 712 712 
6178 712 712 
6178 712 712 
6179 712 712 
6180 712 712 
6181 712 712 
6181 712 713 
6182 712 713 
6183 712 712 
6184 712 711 
6184 712 711 
6185 712 712 
6186 712 712 
6186 712 712 
6187 712 712 
6188 712 712 
6189 712 712 
6189 712 712 
6190 712 712 
6191 712 712 
6192 712 712 
6192 712 712 
6193 712 712 
6194 712 712 
6195 712 712 
6195 712 712 
6196 712 712 
6197 712 712 
6198 712 712 
6198 712 712 
6199 712 712 
6200 712 712 
6200 712 712 
6201 712 711 
6202 712 712 
6203 712 712 
6203 712 712 
6204 712 712 
6205 712 712 
6205 712 712 
6206 712 712 
6207 712 712 
6208 712 712 
6208 712 712 
6209 712 712 
6210 712 712 
6211 712 712 
6211 712 712 
6212 712 712 
6213 712 712 
6214 712 712 
6214 712 712 
6215 712 712 
6216 712 712 
6217 712 712 
6217 712 712 
6218 712 712 
6219 712 712 
6220 712 712 
6220 712 712 
6221 712 712 
6222 712 712 
6223 712 712 
6223 712 712 
6224 712 712 
6225 712 712 
6226 712 710 
6226 712 712 
6227 712 712 
6228 712 712 
6228 712 712 
6229 712 712 
6230 712 712 
6231 712 712 
6231 712 712 
6232 712 712 
6233 712 712 
6234 712 712 
6234 712 712 
6235 712 712 
6236 712 712 
6237 712 712 
6238 312 712 
6238 312 712 
6239 312 712 
6240 312 712 
6241 312 712 
6241 312 712 
6242 312 711 
6243 312 711 
6244 312 711 
6244 312 711 
6245 312 710 
6246 312 709 
6247 312 709 
6247 312 707 
6248 312 707 
6249 312 706 
6249 312 706 
6250 312 704 
6251 312 704 
6252 312 703 
6253 312 703 
6253 312 699 
6254 312 698 
6255 312 698 
6256 312 697 
6256 312 696 
6257 312 695 
6258 312 695 
6258 312 693 
6259 312 693 
6260 312 689 
6261 312 689 
6261 312 687 
6262 312 686 
6263 312 684 
6264 312 684 
6265 312 681 
6265 312 681 
6266 312 681 
6267 312 680 
6267 312 678 
6268 312 675 
6269 312 675 
6270 312 674 
6270 312 672 
6271 312 670 
6272 312 670 
6273 312 668 
6273 312 666 
6274 312 666 
6275 312 664 
6276 312 662 
6276 312 660 
6277 312 660 
6278 312 659 
6279 312 656 
6279 312 655 
6280 312 655 
6281 312 651 
6282 312 651 
6282 312 651 
6283 312 648 
6284 312 647 
6285 312 645 
6285 312 645 
6286 312 643 
6287 312 641 
6288 312 638 
6288 312 638 
6289 312 637 
6290 312 634 
6290 312 634 
6291 312 633 
6292 312 631 
6293 312 629 
6293 312 629 
6294 312 626 
6295 312 624 
6296 312 623 
6296 312 623 
6297 312 620 
6298 312 618 
6299 312 618 
6299 312 617 
6300 312 614 
6301 312 611 
6302 312 611 
6302 312 610 
6303 312 608 
6304 312 604 
6305 312 604 
6305 312 604 
6306 312 602 
6307 312 600 
6308 312 600 
6308 312 597 
6309 312 595 
6310 312 595 
6311 312 594 
6311 312 592 
6312 312 589 
6313 312 589 
6314 312 587 
6314 312 585 
6315 312 585 
6316 312 583 
6317 312 581 
6317 312 580 
6318 312 580 
6319 312 578 
6320 312 575 
6320 312 573 
6321 312 573 
6322 312 572 
6323 312 569 
6323 312 568 
6324 312 568 
6325 312 564 
6326 312 563 
6326 312 563 
6327 312 560 
6328 312 559 
6329 312 557 
6329 312 557 
6330 312 555 
6331 312 552 
6332 312 550 
6332 312 550 
6333 312 549 
6334 312 546 
6335 312 546 
6335 312 544 
6336 312 543 
6337 312 539 
6337 312 539 
6338 312 537 
6339 312 535 
6340 312 534 
6340 312 534 
6341 312 531 
6342 312 528 
6343 312 527 
6343 312 527 
6344 312 525 
6345 312 522 
6346 312 522 
6346 312 521 
6347 312 519 
6348 312 515 
6349 312 515 
6349 312 514 
6350 312 512 
6351 312 512 
6352 312 510 
6352 312 505 
6353 312 505 
6354 312 505 
6355 312 503 
6355 312 502 
6356 312 499 
6357 312 499 
6358 312 498 
6358 312 495 
6359 312 493 
6360 312 493 
6361 312 491 
6361 312 489 
6362 312 489 
6363 312 488 
6364 312 484 
6364 312 482 
6365 312 482 
6366 312 481 
6367 312 478 
6367 312 477 
6368 312 477 
6369 312 474 
6370 312 472 
6370 312 472 
6371 312 470 
6372 312 468 
6373 312 467 
6373 312 467 
6374 312 463 
6375 312 462 
6376 312 461 
6376 312 461 
6377 312 458 
6378 312 455 
6378 312 455 
6379 312 453 
6380 312 452 
6381 312 449 
6381 312 449 
6382 312 448 
6383 312 445 
6384 312 445 
6384 312 443 
6385 312 441 
6386 312 440 
6387 312 440 
6387 312 438 
6388 312 433 
6389 312 433 
6390 312 433 
6390 312 431 
6391 312 429 
6392 312 426 
6393 312 426 
6393 312 424 
6394 312 422 
6395 312 422 
6396 312 421 
6396 312 418 
6397 312 416 
6398 312 416 
6399 312 414 
6399 312 412 
6400 312 410 
6401 312 410 
6402 312 408 
6402 312 403 
6403 312 403 
6404 312 403 
6404 312 401 
6405 312 400 
6406 312 400 
6407 312 396 
6408 312 394 
6408 312 393 
6409 312 393 
6410 312 391 
6411 312 389 
6411 312 389 
6412 312 388 
6413 312 385 
6413 312 383 
6414 312 383 
6415 312 380 
6416 312 379 
6416 312 376 
6417 312 376 
6418 312 374 
6419 312 372 
6419 312 372 
6420 312 371 
6421 312 368 
6422 312 365 
6422 312 365 
6423 312 363 
6424 312 362 
6425 312 360 
6425 312 360 
6426 312 356 
6427 312 355 
6427 312 355 
6428 312 354 
6429 312 351 
6430 312 349 
6430 312 349 
6431 312 346 
6432 312 344 
6433 312 342 
6434 312 342 
6434 312 341 
6435 312 339 
6436 312 339 
6436 312 335 
6437 312 334 
6438 312 332 
6439 312 332 
6439 312 329 
6440 312 329 
6441 312 329 
6442 312 326 
6442 312 326 
6443 312 323 
6444 312 323 
6445 312 322 
6445 312 321 
6446 312 319 
6447 312 319 
6448 312 318 
6448 312 316 
6449 312 316 
6450 312 315 
6451 312 314 
6451 312 312 
6452 312 312 
6453 312 312 
6453 312 311 
6454 312 311 
6455 312 310 
6456 312 309 
6456 312 309 
6457 312 309 
6458 312 309 
6459 312 308 
6459 312 308 
6460 312 306 
6461 312 308 
6462 312 305 
6462 312 305 
6463 312 306 
6464 312 306 
6465 312 306 
6465 312 306 
6466 312 306 
6467 312 305 
6467 312 305 
6468 312 305 
6469 312 306 
6469 312 306 
6470 312 306 
6471 312 305 
6472 312 305 
6472 312 305 
6473 312 305 
6474 312 305 
6475 312 305 
6475 312 305 
6476 312 305 
6477 312 305 
6478 312 305 
6478 312 304 
6479 312 305 
6480 312 305 
6481 312 305 
6481 312 306 
6482 312 306 
6483 312 306 
6484 312 306 
6484 312 306 
6485 312 306 
6486 312 306 
6486 312 306 
6487 312 308 
6488 312 308 
6489 312 306 
6489 312 308 
6490 312 309 
6491 312 309 
6492 312 308 
6492 312 308 
6493 312 308 
6494 312 308 
6495 312 309 
6495 312 309 
6496 312 309 
6497 312 309 
6497 312 309 
6498 312 309 
6499 312 309 
6500 312 309 
6500 312 309 
6501 312 309 
6502 312 309 
6503 312 310 
6503 312 310 
6504 312 310 
6505 312 312 
6506 312 310 
6506 312 310 
6507 312 310 
6508 312 310 
6508 312 310 
6509 312 310 
6510 312 308 
6511 312 310 
6511 312 310 
6512 312 310 
6513 312 310 
6513 312 310 
6514 312 308 
6515 312 310 
6516 312 310 
6516 312 310 
6517 312 310 
6518 312 310 
6518 312 310 
6519 312 312 
6520 312 310 
6521 312 310 
6521 312 310 
6522 312 310 
6523 312 310 
6524 312 310 
6524 312 310 
6525 312 308 
6526 312 308 
6526 312 310 
6527 312 310 
6528 312 310 
6529 312 310 
6529 312 310 
6530 312 310 
6531 312 310 
6532 312 310 
6532 312 310 
6533 312 310 
6534 312 310 
6534 312 309 
6535 312 310 
6536 312 310 
6537 312 310 
6537 312 310 
6538 312 310 
6539 312 310 
6540 312 310 
6540 312 310 
6541 312 310 
6542 312 310 
6542 312 310 
6543 312 310 
6544 312 310 
6545 312 310 
6545 312 310 
6546 312 310 
6547 312 310 
6547 312 310 
6548 312 310 
6549 312 310 
6550 312 310 
6550 312 310 
6551 312 310 
6552 312 310 
6553 312 310 
6553 312 310 
6554 312 310 
6555 312 310 
6555 312 310 
6556 312 310 
6557 312 310 
6558 312 310 
6558 312 310 
6559 312 310 
6560 312 310 
6560 312 310 
6561 312 310 
6562 312 310 
6563 312 310 
6563 312 310 
6564 312 310 
6565 312 310 
6565 312 310 
6566 312 310 
6567 312 310 
6568 312 310 
6568 312 310 
6569 312 310 
6570 312 310 
6570 312 312 
6571 312 310 
6572 312 310 
6573 312 310 
6573 312 310 
6574 312 310 
6575 312 310 
6576 312 310 
6576 312 310 
6577 312 310 
6578 312 310 
6579 312 310 
6579 312 310 
6580 312 310 
6581 312 310 
6581 312 310 
6582 312 310 
6583 312 310 
6584 312 310 
6584 312 310 
6585 312 310 
6586 312 310 
6586 312 310 
6587 312 310 
6588 312 311 
6589 312 310 
6589 312 310 
6590 312 310 
6591 312 310 
6591 312 311 
6592 312 311 
6593 312 310 
6594 312 310 
6594 312 310 
6595 312 310 
6596 312 310 
6597 312 312 
6597 312 312 
6598 312 310 
6599 312 310 
6599 312 310 
6600 312 310 
6601 312 310 
6602 312 310 
6602 312 310 
6603 312 310 
6604 312 310 
6604 312 310 
6605 312 310 
6606 312 310 
6607 312 310 
6607 312 310 
6608 312 312 
6609 312 310 
6610 312 310 
6610 312 310 
6611 312 310 
6612 312 310 
6612 312 310 
6613 312 310 
6614 312 310 
6615 312 310 
6615 312 310 
6616 312 310 
6617 312 310 
6617 312 310 
6618 312 310 
6619 312 310 
6620 312 310 
6620 312 310 
6621 312 310 
6622 312 310 
6623 312 310 
6623 312 310 
6624 312 310 
6625 312 310 
6625 312 310 
6626 312 310 
6627 312 310 
6628 312 310 
6628 312 310 
6629 312 310 
6630 312 310 
6631 312 310 
6631 312 310 
6632 312 310 
6633 312 310 
6633 312 310 
6634 312 310 
6635 312 310 
6636 312 310 
6636 312 310 
6637 312 310 
6638 312 310 
6638 312 310 
6639 312 310 
6640 312 309 
6641 312 310 
6641 312 310 
6642 312 310 
6643 312 310 
6644 312 310 
6644 312 310 
6645 312 310 
6646 312 310 
6646 312 310 
6647 312 310 
6648 312 310 
6648 312 310 
6649 312 310 
6650 312 310 
6651 312 310 
6651 312 310 
6652 312 310 
6653 312 310 
6653 312 310 
6654 312 310 
6655 312 310 
6656 312 310 
6656 312 310 
6657 312 310 
6658 312 310 
6659 312 310 
6659 312 310 
6660 312 310 
6661 312 310 
6661 312 311 
6662 312 310 
6663 312 310 
6664 312 310 
6664 312 310 
6665 312 310 
6666 312 310 
6667 312 310 
6667 312 310 
6668 312 310 
6669 312 310 
6669 312 310 
6670 312 310 
6671 312 310 
6672 312 310 
6672 312 310 
6673 312 310 
6674 312 310 
6674 312 310 
6675 312 310 
6676 312 310 
6677 312 310 
6677 312 310 
6678 312 310 
6679 312 310 
6680 312 310 
6680 312 310 
6681 312 310 
6682 312 310 
6682 312 309 
6683 312 309 
6684 312 310 
6685 312 310 
6685 312 310 
6686 312 310 
6687 312 310 
6688 312 310 
6688 312 310 
6689 312 310 
6690 312 310 
6690 312 310 
6691 312 310 
6692 312 310 
6693 312 310 
6693 312 310 
6694 312 309 
6695 312 310 
6695 312 310 
6696 312 310 
6697 312 310 
6698 312 310 
6698 312 309 
6699 312 310 
6700 312 310 
6700 312 310 
6701 312 310 
6702 312 310 
6703 312 310 
6703 312 310 
6704 312 310 
6705 312 310 
6706 312 310 
6706 312 310 
6707 312 310 
6708 312 310 
6708 312 310 
6709 312 310 
6710 312 310 
6711 312 309 
6711 312 310 
6712 312 310 
6713 312 310 
6714 312 310 
6714 312 310 
6715 312 310 
6716 312 310 
6716 312 310 
6717 312 310 
6718 312 310 
6719 312 309 
6719 312 310 
6720 312 310 
6721 312 310 
6721 312 310 
6722 312 310 
6723 312 311 
6724 312 310 
6724 312 310 
6725 312 310 
6726 312 310 
6727 312 310 
6727 312 310 
6728 312 310 
6729 312 310 
6729 312 310 
6730 312 310 
6731 312 310 
6732 312 310 
6732 312 310 
6733 312 310 
6734 312 310 
6735 312 310 
6735 312 310 
6736 312 310 
6737 312 310 
6737 312 310 
6738 312 310 
6739 312 310 
6739 312 310 
6740 312 310 
6741 312 310 
6742 312 310 
6742 312 310 
6743 312 310 
6744 312 310 
6745 312 310 
6745 312 310 
6746 312 310 
6747 312 310 
6747 312 310 
6748 312 310 
6749 312 309 
6750 312 309 
6750 312 310 
6751 312 310 
6752 312 310 
6752 312 310 
6753 312 310 
6754 312 310 
6755 312 310 
6755 312 310 
6756 312 310 
6757 312 310 
6758 312 310 
6758 312 311 
6759 312 311 
6760 312 310 
6760 312 310 
6761 312 310 
6762 312 310 
6763 312 309 
6763 312 310 
6764 312 310 
6765 312 310 
6766 312 310 
6766 312 310 
6767 312 310 
6768 312 310 
6768 312 310 
6769 312 310 
6770 312 310 
6771 312 310 
6771 312 310 
6772 312 310 
6773 312 310 
6773 312 310 
6774 312 310 
6775 312 310 
6776 312 310 
6776 312 310 
6777 312 310 
6778 312 312 
6779 312 310 
6779 312 310 
6780 312 310 
6781 312 310 
6781 312 310 
6782 312 310 
6783 312 310 
6784 312 310 
6784 312 310 
6785 312 310 
6786 312 310 
6786 312 310 
6787 312 310 
6788 312 309 
6789 312 309 
6789 312 310 
6790 312 310 
6791 312 310 
6791 312 310 
6792 312 310 
6793 312 310 
6794 312 310 
6794 312 310 
6795 312 310 
6796 312 310 
6797 312 310 
6797 312 310 
6798 312 310 
6799 312 310 
6799 312 310 
6800 312 310 
6801 312 310 
6802 312 310 
6802 312 308 
6803 312 310 
6804 312 310 
6805 312 310 
6805 312 310 
6806 312 310 
6807 312 310 
6807 312 310 
6808 312 310 
6809 312 310 
6810 312 310 
6810 312 310 
6811 312 310 
6812 312 310 
6812 312 310 
6813 312 310 
6814 312 310 
6815 312 310 
6815 312 310 
6816 312 310 
6817 312 309 
6817 312 310 
6818 312 310 
6819 312 310 
6820 312 310 
6820 312 310 
6821 312 310 
6822 312 310 
6823 312 310 
6823 312 310 
6824 312 310 
6825 312 310 
6825 312 310 
6826 312 310 
6827 312 310 
6828 312 310 
6828 312 310 
6829 312 309 
6830 312 310 
6830 312 310 
6831 312 309 
6832 312 310 
6833 312 310 
6833 312 310 
6834 312 310 
6835 312 310 
6835 312 310 
6836 312 310 
6837 312 311 
6838 312 311 
6838 312 310 
6839 312 310 
6840 312 310 
6841 312 310 
6841 312 310 
6842 312 310 
6843 312 310 
6843 312 310 
6844 312 309 
6845 312 309 
6846 312 310 
6846 312 309 
6847 312 310 
6848 312 310 
6848 312 310 
6849 312 310 
6850 312 310 
6851 312 310 
6851 312 310 
6852 312 310 
6853 312 310 
6854 312 310 
6854 312 310 
6855 312 310 
6856 312 310 
6856 312 310 
6857 312 310 
6858 312 310 
6859 312 310 
6859 312 310 
6860 312 310 
6861 312 310 
6862 312 310 
6862 312 310 
6863 312 310 
6864 312 310 
6864 312 310 
6865 312 310 
6866 312 310 
6867 312 310 
6867 312 310 
6868 312 310 
6869 312 310 
6869 312 310 
6870 312 310 
6871 312 310 
6872 312 310 
6872 312 310 
6873 312 310 
6874 312 310 
6874 312 310 
6875 312 310 
6876 312 310 
6877 312 309 
6877 312 309 
6878 312 310 
6879 312 310 
6880 312 310 
6880 312 310 
6881 312 310 
6882 312 310 
6882 312 310 
6883 312 311 
6884 312 310 
6885 312 310 
6885 312 310 
6886 312 310 
6887 312 310 
6888 312 310 
6888 312 310 
6889 312 310 
6890 312 310 
6890 312 310 
6891 312 310 
6892 712 310 
6893 712 310 
6894 712 310 
6894 712 308 
6895 712 310 
6896 712 310 
6897 712 311 
6897 712 311 
6898 712 311 
6899 712 311 
6900 712 312 
6900 712 313 
6901 712 313 
6902 712 314 
6903 712 315 
6903 712 315 
6904 712 318 
6905 712 318 
6905 712 319 
6906 712 319 
6907 712 321 
6908 712 322 
6908 712 323 
6909 712 323 
6910 712 324 
6911 712 326 
6912 712 328 
6912 712 328 
6913 712 329 
6914 712 331 
6914 712 331 
6915 712 332 
6916 712 334 
6917 712 335 
6917 712 335 
6918 712 336 
6919 712 339 
6920 712 341 
6920 712 341 
6921 712 342 
6922 712 344 
6923 712 344 
6923 712 346 
6924 712 348 
6925 712 350 
6926 712 350 
6926 712 352 
6927 712 354 
6928 712 355 
6929 712 355 
6929 712 358 
6930 712 360 
6931 712 360 
6932 712 362 
6932 712 363 
6933 712 366 
6934 712 366 
6934 712 368 
6935 712 370 
6936 712 372 
6937 712 372 
6937 712 374 
6938 712 375 
6939 712 375 
6940 712 378 
6940 712 381 
6941 712 382 
6942 712 382 
6943 712 384 
6943 712 386 
6944 712 386 
6945 712 389 
6946 712 391 
6946 712 392 
6947 712 392 
6948 712 395 
6949 712 396 
6949 712 399 
6950 712 399 
6951 712 401 
6952 712 403 
6952 712 403 
6953 712 405 
6954 712 406 
6955 712 410 
6955 712 410 
6956 712 411 
6957 712 413 
6958 712 414 
6958 712 414 
6959 712 418 
6960 712 420 
6961 712 421 
6961 712 421 
6962 712 424 
6963 712 426 
6963 712 426 
6964 712 428 
6965 712 430 
6966 712 432 
6966 712 432 
6967 712 434 
6968 712 435 
6969 712 439 
6969 712 439 
6970 712 440 
6971 712 442 
6972 712 442 
6972 712 442 
6973 712 447 
6974 712 449 
6975 712 449 
6975 712 450 
6976 712 453 
6977 712 455 
6978 712 455 
6978 712 457 
6979 712 458 
6980 712 458 
6981 712 461 
6981 712 462 
6982 712 464 
6983 712 464 
6984 712 467 
6984 712 469 
6985 712 471 
6986 712 471 
6987 712 473 
6987 712 475 
6988 712 478 
6989 712 478 
6990 712 480 
6990 712 481 
6991 712 481 
6992 712 484 
6993 712 485 
6993 712 489 
6994 712 489 
6995 712 490 
6996 712 492 
6996 712 492 
6997 712 493 
6998 712 495 
6999 712 498 
6999 712 498 
7000 712 500 
7001 712 502 
7002 712 504 
7002 712 504 
7003 712 507 
7004 712 509 
7005 712 509 
7005 712 510 
7006 712 512 
7007 712 515 
7007 712 515 
7008 712 516 
7009 712 520 
7010 712 521 
7010 712 521 
7011 712 523 
7012 712 526 
7013 712 526 
7013 712 526 
7014 712 530 
7015 712 532 
7016 712 532 
7016 712 534 
7017 712 536 
7018 712 538 
7019 712 538 
7019 712 540 
7020 712 543 
7021 712 543 
7022 712 545 
7022 712 547 
7023 712 549 
7024 712 549 
7025 712 551 
7025 712 553 
7026 712 555 
7027 712 555 
7028 712 558 
7028 712 559 
7029 712 559 
7030 712 561 
7031 712 563 
7031 712 567 
7032 712 567 
7033 712 569 
7034 712 568 
7034 712 573 
7035 712 573 
7036 712 574 
7037 712 576 
7037 712 578 
7038 712 578 
7039 712 581 
7040 712 582 
7040 712 582 
7041 712 584 
7042 712 586 
7042 712 588 
7043 712 588 
7044 712 590 
7045 712 592 
7046 712 594 
7046 712 594 
7047 712 596 
7048 712 598 
7049 712 598 
7049 712 600 
7050 712 602 
7051 712 605 
7051 712 605 
7052 712 606 
7053 712 608 
7054 712 610 
7054 712 610 
7055 712 612 
7056 712 614 
7057 712 614 
7057 712 617 
7058 712 620 
7059 712 621 
7060 712 621 
7060 712 621 
7061 712 625 
7062 712 627 
7063 712 627 
7063 712 630 
7064 712 632 
7065 712 634 
7066 712 634 
7066 712 636 
7067 712 637 
7068 712 637 
7069 712 641 
7069 712 642 
7070 712 644 
7071 712 644 
7072 712 646 
7072 712 648 
7073 712 650 
7074 712 650 
7075 712 652 
7075 712 655 
7076 712 655 
7077 712 656 
7078 712 659 
7078 712 660 
7079 712 660 
7080 712 662 
7081 712 664 
7081 712 667 
7082 712 667 
7083 712 670 
7084 712 671 
7084 712 671 
7085 712 673 
7086 712 675 
7087 712 678 
7087 712 678 
7088 712 680 
7089 712 682 
7090 712 683 
7090 712 683 
7091 712 687 
7092 712 687 
7093 712 689 
7093 712 689 
7094 712 692 
7095 712 694 
7095 712 694 
7096 712 696 
7097 712 697 
7098 712 699 
7098 712 699 
7099 712 701 
7100 712 703 
7101 712 705 
7101 712 705 
7102 712 706 
7103 712 707 
7104 712 707 
7104 712 708 
7105 712 710 
7106 712 710 
7107 712 710 
7107 712 711 
7108 712 712 
7109 712 712 
7110 712 712 
7110 712 713 
7111 712 713 
7112 712 713 
7112 712 715 
7113 712 716 
7114 712 716 
7115 712 716 
7116 712 716 
7116 712 719 
7117 712 717 
7118 712 717 
7118 712 717 
7119 712 718 
7120 712 718 
7121 712 718 
7121 712 718 
7122 712 718 
7123 712 718 
7124 712 718 
7124 712 718 
7125 712 718 
7126 712 718 
7127 712 718 
7127 712 718 
7128 712 718 
7129 712 717 
7130 712 718 
7130 712 718 
7131 712 718 
7132 712 717 
7133 712 717 
7133 712 717 
7134 712 717 
7135 712 716 
7136 712 716 
7136 712 716 
7137 712 716 
7138 712 716 
7139 712 715 
7139 712 715 
7140 712 715 
7141 712 715 
7142 712 715 
7142 712 715 
7143 712 715 
7144 712 715 
7145 712 715 
7145 712 715 
7146 712 713 
7147 712 713 
7147 712 713 
7148 712 713 
7149 712 711 
7150 712 713 
7151 712 713 
7151 712 713 
7152 712 712 
7153 712 712 
7154 712 712 
7154 712 712 
7155 712 710 
7156 712 710 
7156 712 712 
7157 712 711 
7158 712 712 
7159 712 712 
7159 712 712 
7160 712 712 
7161 712 712 
7162 712 712 
7162 712 712 
7163 712 712 
7164 712 712 
7165 712 712 
7165 712 712 
7166 712 712 
7167 712 712 
7168 712 712 
7168 712 712 
7169 712 712 
7170 712 711 
7171 712 712 
7171 712 712 
7172 712 712 
7173 712 712 
7174 712 712 
7174 712 712 
7175 712 712 
7176 712 712 
7176 712 712 
7177 712 712 
7178 712 712 
7179 712 711 
7179 712 712 
7180 712 712 
7181 712 712 
7182 712 712 
7182 712 712 
7183 712 712 
7184 712 712 
7185 712 712 
7185 712 712 
7186 712 712 
7187 712 712 
7188 712 712 
7188 712 712 
7189 712 713 
7190 712 712 
7190 712 712 
7191 712 712 
7192 712 712 
7193 712 712 
7193 712 712 
7194 712 712 
7195 712 712 
7196 712 712 
7196 712 712 
7197 712 712 
7198 712 712 
7198 712 712 
7199 712 712 
7200 712 712 
7201 712 712 
7201 712 712 
7202 712 712 
7203 712 712 
7204 712 712 
7204 712 712 
7205 712 712 
7206 712 712 
7207 712 712 
7207 712 712 
7208 712 712 
7209 712 712 
7210 712 712 
7210 712 712 
7211 712 712 
7212 712 712 
7212 712 712 
7213 712 712 
7214 712 712 
7215 712 712 
7216 712 712 
7216 712 712 
7217 712 712 
7218 712 712 
7219 712 712 
7219 712 712 
7220 712 712 
7221 712 712 
7221 712 712 
7222 712 712 
7223 712 712 
7224 712 712 
7224 712 712 
7225 712 712 
7226 712 712 
7227 712 712 
7227 712 712 
7228 712 712 
7229 712 712 
7230 712 715 
7230 712 715 
7231 712 712 
7232 712 712 
7233 712 712 
7233 712 712 
7234 712 712 
7235 712 712 
7235 712 712 
7236 712 712 
7237 712 712 
7238 712 712 
7238 712 712 
7239 712 712 
7240 712 712 
7241 712 715 
7241 712 715 
7242 712 712 
7243 712 712 
7244 712 712 
7244 712 712 
7245 712 712 
7246 712 712 
7247 712 712 
7247 712 712 
7248 712 712 
7249 712 712 
7249 712 712 
7250 712 712 
7251 712 712 
7252 712 712 
7252 712 712 
7253 712 712 
7254 712 712 
7255 712 712 
7255 712 712 
7256 712 712 
7257 712 712 
7258 712 712 
7258 712 712 
7259 712 712 
7260 712 712 
7261 712 712 
7261 712 712 
7262 712 712 
7263 712 712 
7264 712 712 
7264 712 712 
7265 712 712 
7266 712 712 
7267 712 712 
7267 712 712 
7268 712 712 
7269 712 712 
7270 712 712 
7270 712 712 
7271 712 712 
7272 712 712 
7273 712 712 
7273 712 712 
7274 712 712 
7275 712 712 
7275 712 712 
7276 712 713 
7277 712 712 
7278 712 712 
7278 712 712 
7279 712 712 
7280 712 712 
7281 712 712 
7281 712 712 
7282 712 712 
7283 712 712 
7284 712 712 
7284 712 712 
7285 712 712 
7286 712 712 
7287 712 712 
7287 712 712 
7288 712 712 
7289 712 712 
7290 712 712 
7290 712 712 
7291 712 712 
7292 712 712 
7292 712 711 
7293 712 712 
7294 712 712 
7295 712 712 
7295 712 712 
7296 712 715 
7297 712 715 
7298 712 712 
7298 712 712 
7299 712 712 
7300 712 712 
7301 712 712 
7301 712 712 
7302 712 712 
7303 712 712 
7304 712 712 
7304 712 712 
7305 712 712 
7306 712 712 
7307 712 712 
7307 712 712 
7308 712 712 
7309 712 712 
7309 712 712 
7310 712 712 
7311 712 712 
7312 712 712 
7312 712 712 
7313 712 712 
7314 712 712 
7315 712 712 
7315 712 712 
7316 712 712 
7317 712 712 
7318 712 712 
7318 712 712 
7319 712 712 
7320 712 712 
7321 712 712 
7321 712 712 
7322 712 712 
7323 712 712 
7324 712 712 
7324 712 712 
7325 712 712 
7326 712 712 
7326 712 712 
7327 712 711 
7328 712 712 
7329 712 712 
7329 712 712 
7330 712 712 
7331 712 712 
7332 712 712 
7332 712 712 
7333 712 712 
7334 712 712 
7335 712 710 
7335 712 712 
7336 712 712 
7337 712 712 
7337 712 712 
7338 712 712 
7339 712 712 
7340 712 712 
7341 712 712 
7341 712 712 
7342 712 712 
7343 712 711 
7343 712 712 
7344 712 712 
7345 712 712 
7346 712 712 
7346 712 712 
7347 712 712 
7348 712 712 
7349 712 712 
7349 712 712 
7350 712 712 
7351 712 710 
7352 712 712 
7352 712 712 
7353 712 712 
7354 712 712 
7355 712 713 
7355 712 713 
7356 712 712 
7357 712 712 
7358 712 712 
7358 712 712 
7359 712 712 
7360 712 712 
7360 712 712 
7361 712 712 
7362 712 712 
7363 712 712 
7363 712 712 
7364 712 712 
7365 712 712 
7366 712 712 
7366 712 712 
7367 712 712 
7368 712 712 
7368 712 712 
7369 712 712 
7370 712 712 
7371 712 712 
7371 712 712 
7372 712 712 
7373 712 710 
7374 712 710 
7374 712 712 
7375 712 712 
7376 712 712 
7377 712 712 
7377 712 712 
7378 712 712 
7379 712 712 
7379 712 712 
7380 712 712 
7381 712 712 
7382 712 712 
7382 712 712 
7383 712 712 
7384 712 712 
7385 712 712 
7385 712 712 
7386 712 713 
7387 712 713 
7388 712 712 
7388 712 712 
7389 712 712 
7390 712 712 
7391 712 712 
7391 712 712 
7392 712 712 
7393 712 712 
7394 712 712 
7394 712 712 
7395 712 712 
7396 712 712 
7397 712 712 
7397 712 712 
7398 712 712 
7399 712 712 
7400 712 712 
7400 712 712 
7401 712 712 
7402 712 712 
7403 712 712 
7403 712 712 
7404 712 712 
7405 712 712 
7406 712 712 
7406 712 712 
7407 712 712 
7408 712 711 