3734 312 511 
3738 312 510 
3741 312 505 
3745 312 501 
3748 312 497 
3752 312 490 
3755 312 484 
3759 312 478 
3763 312 472 
3766 312 462 
3770 312 458 
3773 312 450 
3777 312 444 
3781 312 436 
3784 312 431 
3788 312 422 
3791 312 415 
3795 312 408 
3798 312 401 
3802 312 393 
3806 312 386 
3809 312 378 
3813 312 372 
3816 312 363 
3820 312 356 
3824 312 350 
3827 312 344 
3831 312 339 
3834 312 335 
3838 312 331 
3841 312 328 
3845 312 324 
3849 312 322 
3852 312 319 
3856 312 318 
3859 312 315 
3863 312 314 
3866 312 313 
3870 312 312 
3874 312 314 
3877 312 312 
3881 312 311 
3884 312 311 
3888 312 311 
3891 312 311 
3895 312 311 
3899 312 311 
3902 312 311 
3906 312 311 
3909 312 311 
3913 312 311 
3917 312 311 
3920 312 311 
3924 312 311 
3927 312 311 
3931 312 311 
3934 312 311 
3938 312 311 
3942 312 311 
3945 312 311 
3949 312 311 
3952 312 311 
3956 312 311 
3960 312 311 
3963 312 311 
3967 312 311 
3970 312 311 
3974 312 311 
3977 312 311 
3981 312 311 
3985 312 311 
3988 312 311 
3992 312 311 
3995 312 311 
3999 312 311 
4002 312 311 
4006 312 311 
4010 312 311 
4013 312 311 
4017 312 311 
4020 312 311 
4024 312 311 
4027 312 311 
4031 312 311 
4035 312 311 
4038 312 311 
4042 312 311 
4045 312 311 
4049 312 311 
4053 312 311 
4056 312 311 
4060 312 312 
4063 312 311 
4067 312 311 
4070 312 311 
4074 312 311 
4078 312 311 
4081 312 311 
4085 312 311 
4088 312 311 
4092 312 311 
4096 312 311 
4099 312 311 
4103 312 311 
4106 312 311 
4110 312 311 
4113 312 311 
4117 312 310 
4121 312 311 
4124 312 311 
4128 312 311 
4131 312 311 
4135 312 311 
4138 312 311 
4142 312 311 
4146 312 311 
4149 312 311 
4153 312 311 
4156 312 311 
4160 312 311 
4163 312 311 
4167 312 309 
4171 312 311 
4174 312 311 
4178 312 311 
4181 312 311 
4185 312 311 
4189 312 311 
4192 312 311 
4196 312 311 
4199 312 311 
4203 312 311 
4206 312 311 
4210 312 311 
4214 312 311 
4217 312 311 
4221 312 311 
4224 312 311 
4228 312 311 
4232 312 311 
4235 312 311 
4239 312 311 
4242 312 311 
4246 312 311 
4249 312 311 
4253 312 311 
4257 312 311 
4260 312 311 
4264 312 311 
4267 312 311 
4271 312 311 
4275 312 311 
4278 312 311 
4282 312 311 
4285 312 311 
4289 312 311 
4293 712 311 
4296 712 311 
4300 712 313 
4304 712 315 
4307 712 324 
4311 712 325 
4314 712 331 
4318 712 336 
4322 712 344 
4325 712 349 
4329 712 355 
4332 712 363 
4336 712 372 
4339 712 378 
4343 712 386 
4347 712 391 
4350 712 400 
4354 712 405 
4357 712 415 
4361 712 421 
4365 712 430 
4368 712 435 
4372 712 443 
4375 712 450 
4379 712 458 
4382 712 463 
4386 712 472 
4390 712 478 
4393 712 487 
4397 712 493 
4400 712 501 
4404 712 508 
4407 712 516 
4411 712 523 
4415 712 531 
4418 712 537 
4422 712 546 
4425 712 552 
4429 712 560 
4432 712 568 
4436 712 575 
4440 712 582 
4443 712 589 
4447 712 596 
4450 712 604 
4454 712 610 
4458 712 619 
4461 712 625 
4465 712 634 
4468 712 639 
4472 712 648 
4475 712 654 
4479 712 661 
4483 712 668 
4486 712 675 
4490 712 680 
4493 712 685 
4497 712 689 
4501 712 694 
4504 712 697 
4508 712 700 
4511 712 703 
4515 712 705 
4518 712 706 
4522 712 708 
4526 712 709 
4529 712 709 
4533 712 710 
4536 712 711 
4540 712 711 
4543 712 711 
4547 712 711 
4551 712 711 
4554 712 711 
4558 712 711 
4561 712 711 
4565 712 710 
4568 712 711 
4572 712 711 
4576 712 711 
4579 712 711 
4583 712 711 
4586 712 711 
4590 712 711 
4594 712 711 
4597 712 711 
4601 712 711 
4604 712 711 
4608 712 711 
4611 712 711 
4615 712 711 
4619 712 711 
4622 712 711 
4626 712 711 
4629 712 711 
4633 712 711 
4637 712 711 
4640 712 711 
4644 712 711 
4647 712 711 
4651 712 711 
4654 712 711 
4658 712 711 
4662 712 711 
4665 712 711 
4669 712 711 
4672 712 711 
4676 712 711 
4679 712 711 
4683 712 711 
4687 712 711 
4690 712 711 
4694 712 712 
4697 712 711 
4701 712 711 
4705 712 711 
4708 712 711 
4712 712 711 
4715 712 711 
4719 712 711 
4722 712 711 
4726 712 711 
4730 712 711 
4733 712 711 
4737 712 711 
4740 712 711 
4744 712 711 
4747 712 711 
4751 712 711 
4755 712 711 
4758 712 711 
4762 712 711 
4765 712 712 
4769 712 711 
4773 712 711 
4776 712 711 
4780 712 711 
4783 712 711 
4787 712 711 
4790 712 711 
4794 712 711 
4798 712 711 
4801 712 711 
4805 712 711 
4808 712 711 
4812 712 711 
4816 712 711 
4819 712 711 
4823 712 711 
4826 712 711 
4830 712 711 
4833 712 711 
4837 712 711 
4841 712 711 
4844 712 711 
4848 712 711 
4851 712 712 
4855 712 711 
4858 712 711 
4862 712 711 
4866 712 710 
4869 712 711 
4873 712 711 
4876 712 711 
4880 712 711 
4883 712 711 
4887 712 711 
4891 712 711 
4894 712 711 
4898 712 711 
4901 712 711 
4905 712 711 
4909 712 711 
4912 712 711 
4916 712 711 
4919 712 711 
4923 712 711 
4926 712 711 
4930 712 711 
4934 712 711 
4937 712 711 
4941 712 711 
4944 712 711 
4948 312 711 
4952 312 711 
4956 312 710 
4959 312 707 
4963 312 701 
4966 312 697 
4970 312 691 
4973 312 685 
4977 312 679 
4981 312 672 
4984 312 666 
4988 312 659 
4991 312 652 
4995 312 646 
4999 312 637 
5002 312 632 
5006 312 623 
5009 312 617 
5013 312 609 
5016 312 602 
5020 312 594 
5024 312 588 
5027 312 580 
5031 312 573 
5034 312 567 
5038 312 559 
5042 312 551 
5045 312 545 
5049 312 536 
5052 312 530 
5056 312 521 
5059 312 514 
5063 312 507 
5067 312 500 
5070 312 492 
5074 312 485 
5077 312 477 
5081 312 471 
5084 312 462 
5088 312 457 
5092 312 449 
5095 312 442 
5099 312 434 
5102 312 428 
5106 312 419 
5109 312 413 
5113 312 404 
5117 312 398 
5120 312 390 
5124 312 383 
5127 312 375 
5131 312 369 
5135 312 360 
5138 312 354 
5142 312 346 
5145 312 342 
5149 312 336 
5152 312 333 
5156 312 326 
5160 312 326 
5163 312 323 
5167 312 321 
5170 312 318 
5174 312 318 
5178 312 315 
5181 312 314 
5185 312 313 
5188 312 312 
5192 312 313 
5195 312 311 
5199 312 311 
5203 312 311 
5206 312 311 
5210 312 311 
5213 312 310 
5217 312 311 
5220 312 311 
5224 312 311 
5228 312 311 
5231 312 311 
5235 312 311 
5238 312 311 
5242 312 311 
5245 312 311 
5249 312 311 
5253 312 311 
5256 312 310 
5260 312 311 
5263 312 311 
5267 312 311 
5271 312 311 
5274 312 311 
5278 312 310 
5281 312 311 
5285 312 311 
5288 312 311 
5292 312 311 
5296 312 311 
5299 312 311 
5303 312 311 
5306 312 311 
5310 312 311 
5314 312 311 
5317 312 311 
5321 312 311 
5324 312 311 
5328 312 311 
5331 312 311 
5335 312 311 
5339 312 311 
5342 312 311 
5346 312 311 
5349 312 311 
5353 312 311 
5356 312 311 
5360 312 311 
5364 312 311 
5367 312 311 
5371 312 311 
5374 312 311 
5378 312 311 
5381 312 311 
5385 312 311 
5389 312 311 
5392 312 311 
5396 312 311 
5399 312 310 
5403 312 311 
5407 312 311 
5410 312 311 
5414 312 311 
5417 312 311 
5421 312 311 
5424 312 311 
5428 312 311 
5432 312 311 
5435 312 312 
5439 312 311 
5442 312 311 
5446 312 311 
5450 312 311 
5453 312 311 
5457 312 311 
5460 312 311 
5464 312 311 
5467 312 311 
5471 312 312 
5475 312 311 
5478 312 311 
5482 312 311 
5485 312 311 
5489 312 311 
5492 312 311 
5496 312 311 
5500 312 311 
5503 312 311 
5507 312 311 
5510 312 311 
5514 312 311 
5518 312 311 
5521 312 311 
5525 312 311 
5528 312 311 
5532 312 311 
5535 312 311 
5539 312 311 
5543 312 311 
5546 312 311 
5550 312 311 
5553 312 311 
5557 312 311 
5560 312 311 
5564 312 311 
5568 312 311 
5571 312 311 
5575 312 311 
5578 312 311 
5582 312 311 
5586 312 311 
5589 312 311 
5593 312 311 
5596 312 311 
5600 312 311 
5604 712 311 
5607 712 311 
5611 712 311 
5615 712 315 
5618 712 321 
5622 712 325 
5625 712 331 
5629 712 336 
5633 712 343 
5636 712 350 
5640 712 356 
5643 712 363 
5647 712 373 
5650 712 378 
5654 712 385 
5658 712 391 
5661 712 400 
5665 712 406 
5668 712 414 
5672 712 421 
5676 712 429 
5679 712 435 
5683 712 442 
5686 712 450 
5690 712 458 
5693 712 464 
5697 712 473 
5701 712 479 
5704 712 487 
5708 712 493 
5711 712 501 
5715 712 508 
5719 712 516 
5722 712 523 
5726 712 532 
5729 712 538 
5733 712 546 
5736 712 552 
5740 712 563 
5744 712 568 
5747 712 575 
5751 712 582 
5754 712 590 
5758 712 596 
5761 712 606 
5765 712 610 
5769 712 619 
5772 712 625 
5776 712 633 
5779 712 639 
5783 712 648 
5786 712 654 
5790 712 662 
5794 712 668 
5797 712 675 
5801 712 681 
5804 712 685 
5808 712 689 
5812 712 694 
5815 712 697 
5819 712 700 
5822 712 703 
5826 712 705 
5829 712 706 
5833 712 708 
5837 712 709 
5840 712 709 
5844 712 710 
5847 712 711 
5851 712 711 
5855 712 711 
5858 712 711 
5862 712 711 
5865 712 711 
5869 712 711 
5872 712 711 
5876 712 711 
5880 712 711 
5883 712 711 
5887 712 711 
5890 712 711 
5894 712 711 
5897 712 712 
5901 712 711 
5905 712 711 
5908 712 711 
5912 712 711 
5915 712 711 
5919 712 711 
5922 712 711 
5926 712 711 
5930 712 711 
5933 712 711 
5937 712 711 
5940 712 711 
5944 712 711 
5948 712 711 
5951 712 711 
5955 712 711 
5958 712 711 
5962 712 711 
5965 712 711 
5969 712 711 
5973 712 711 
5976 712 711 
5980 712 711 
5983 712 711 
5987 712 711 
5991 712 712 
5994 712 711 
5998 712 711 
6001 712 711 
6005 712 711 
6008 712 711 
6012 712 711 
6016 712 711 
6019 712 711 
6023 712 711 
6026 712 712 
6030 712 711 
6033 712 711 
6037 712 711 
6041 712 711 
6044 712 711 
6048 712 711 
6051 712 711 
6055 712 711 
6058 712 711 
6062 712 711 
6066 712 711 
6069 712 711 
6073 712 711 
6076 712 711 
6080 712 711 
6084 712 711 
6087 712 711 
6091 712 711 
6094 712 711 
6098 712 711 
6101 712 711 
6105 712 711 
6109 712 711 
6112 712 711 
6116 712 711 
6119 712 711 
6123 712 711 
6127 712 711 
6130 712 711 
6134 712 711 
6137 712 711 
6141 712 711 
6144 712 711 
6148 712 711 
6152 712 711 
6155 712 710 
6159 712 711 
6162 712 711 
6166 712 711 
6169 712 711 
6173 712 711 
6177 712 711 
6180 712 711 
6184 712 711 
6187 712 711 
6191 712 711 
6195 712 711 
6198 712 709 
6202 712 711 
6205 712 711 
6209 712 711 
6212 712 711 
6216 712 711 
6220 712 711 
6223 712 711 
6227 712 711 
6230 712 711 
6234 712 711 
6237 712 711 
6241 712 711 
6245 712 711 
6248 712 711 
6252 712 711 
6255 712 712 
6259 312 712 
6263 312 711 
6267 312 709 
6270 312 707 
6274 312 701 
6277 312 697 
6281 312 693 
6285 312 686 
6288 312 679 
6292 312 673 
6295 312 666 
6299 312 660 
6302 312 652 
6306 312 646 
6310 312 638 
6313 312 632 
6317 312 624 
6320 312 618 
6324 312 609 
6327 312 602 
6331 312 595 
6335 312 588 
6338 312 581 
6342 312 574 
6345 312 567 
6349 312 560 
6353 312 551 
6356 312 546 
6360 312 537 
6363 312 531 
6367 312 522 
6370 312 515 
6374 312 507 
6378 312 500 
6381 312 492 
6385 312 485 
6388 312 478 
6392 312 471 
6396 312 463 
6399 312 457 
6403 312 448 
6406 312 443 
6410 312 434 
6413 312 428 
6417 312 421 
6421 312 413 
6424 312 405 
6428 312 399 
6431 312 391 
6435 312 383 
6438 312 375 
6442 312 369 
6446 312 361 
6449 312 355 
6453 312 346 
6456 312 343 
6460 312 336 
6463 312 333 
6467 312 329 
6471 312 326 
6474 312 323 
6478 312 321 
6481 312 319 
6485 312 318 
6489 312 315 
6492 312 314 
6496 312 313 
6499 312 312 
6503 312 312 
6506 312 311 
6510 312 311 
6514 312 311 
6517 312 311 
6521 312 311 
6524 312 311 
6528 312 311 
6531 312 311 
6535 312 311 
6539 312 311 
6542 312 311 
6546 312 311 
6549 312 311 
6553 312 311 
6557 312 311 
6560 312 311 
6564 312 311 
6567 312 311 
6571 312 311 
6574 312 311 
6578 312 311 
6582 312 311 
6585 312 311 
6589 312 311 
6592 312 311 
6596 312 311 
6599 312 311 
6603 312 311 
6607 312 311 
6610 312 311 
6614 312 311 
6617 312 310 
6621 312 311 
6625 312 311 
6628 312 311 
6632 312 311 
6635 312 311 
6639 312 309 
6642 312 311 
6646 312 310 
6650 312 311 
6653 312 311 
6657 312 311 
6660 312 310 
6664 312 311 
6668 312 311 
6671 312 311 
6675 312 311 
6678 312 311 
6682 312 311 
6685 312 311 
6689 312 311 
6693 312 311 
6696 312 311 
6700 312 311 
6703 312 311 
6707 312 311 
6710 312 311 
6714 312 311 
6718 312 311 
6721 312 311 
6725 312 310 
6728 312 311 
6732 312 311 
6735 312 311 
6739 312 311 
6743 312 311 
6746 312 311 
6750 312 311 
6753 312 311 
6757 312 311 
6761 312 312 
6764 312 311 
6768 312 311 
6771 312 311 
6775 312 310 
6778 312 311 
6782 312 311 
6786 312 311 
6789 312 311 
6793 312 311 
6796 312 311 
6800 312 311 
6804 312 311 
6807 312 311 
6811 312 311 
6814 312 311 
6818 312 311 
6821 312 311 
6825 312 311 
6829 312 311 
6832 312 311 
6836 312 311 
6839 312 311 
6843 312 311 
6846 312 311 
6850 312 311 
6854 312 311 
6857 312 311 
6861 312 311 
6864 312 311 
6868 312 311 
6871 312 311 
6875 312 311 
6879 312 311 
6882 312 311 
6886 312 311 
6889 312 310 
6893 312 311 
6897 312 311 
6900 312 311 
6904 312 310 
6907 312 311 
6911 712 311 
6915 712 311 
6918 712 312 
6922 712 314 
6925 712 320 
6929 712 323 
6933 712 330 
6936 712 334 
6940 712 342 
6943 712 348 
6947 712 355 
6950 712 361 
6954 712 370 
6957 712 375 
6961 712 383 
6965 712 390 
6968 712 398 
6972 712 403 
6975 712 412 
6979 712 419 
6983 712 426 
6986 712 433 
6990 712 441 
6993 712 448 
6997 712 455 
7000 712 462 
7004 712 470 
7008 712 477 
7011 712 484 
7015 712 491 
7018 712 499 
7022 712 505 
7025 712 513 
7029 712 521 
7033 712 528 
7036 712 535 
7040 712 544 
7043 712 550 
7047 712 558 
7050 712 564 
7054 712 573 
7058 712 580 
7061 712 587 
7065 712 593 
7068 712 601 
7072 712 608 
7076 712 615 
7079 712 622 
7083 712 631 
7086 712 637 
7090 712 646 
7093 712 651 
7097 712 661 
7101 712 666 
7104 712 673 
7108 712 679 
7111 712 684 
7115 712 687 
7119 712 693 
7122 712 696 
7126 712 699 
7129 712 701 
7133 712 705 
7136 712 706 
7140 712 707 
7144 712 709 
7147 712 708 
7151 712 710 
7154 712 711 
7158 712 711 
7161 712 711 
7165 712 711 
7169 712 711 
7172 712 711 
7176 712 711 
7179 712 711 
7183 712 711 
7186 712 711 
7190 712 711 
7194 712 711 
7197 712 711 
7201 712 711 
7204 712 711 
7208 712 711 
7212 712 711 
7215 712 711 
7219 712 711 
7222 712 711 
7226 712 711 
7229 712 711 
7233 712 711 
7237 712 711 
7240 712 711 
7244 712 711 
7247 712 711 
7251 712 711 
7255 712 711 
7258 712 711 
7262 712 711 
7265 712 711 
7269 712 711 
7272 712 711 
7276 712 711 
7280 712 711 
7283 712 711 
7287 712 711 
7290 712 711 
7294 712 711 
7297 712 711 
7301 712 711 
7305 712 711 
7308 712 711 
7312 712 711 
7315 712 711 
7319 712 711 
7322 712 711 
7326 712 711 
7330 712 711 
7333 712 711 
7337 712 711 
7340 712 711 
7344 712 711 
7348 712 711 
7351 712 711 
7355 712 711 
7358 712 711 
7362 712 711 
7365 712 711 
7369 712 711 
7373 712 711 
7376 712 711 
7380 712 711 
7383 712 711 
7387 712 711 
7391 712 711 
7394 712 711 
7398 712 711 
7401 712 711 
7405 712 711 
7408 712 711 
7412 712 711 
7416 712 711 
7419 712 711 
7423 712 711 
7426 712 710 
7430 712 711 
7434 712 711 
7437 712 711 
7441 712 711 
7444 712 711 
7448 712 711 
7451 712 711 
7455 712 711 
7459 712 711 
7462 712 712 
7466 712 711 
7469 712 711 
7473 712 711 
7476 712 711 
7480 712 711 
7484 712 711 
7487 712 711 
7491 712 711 
7494 712 711 
7498 712 711 
7501 712 711 
7505 712 711 
7509 712 711 
7512 712 711 
7516 712 711 
7519 712 712 
7523 712 711 
7527 712 711 
7530 712 711 
7534 712 709 
7537 712 711 
7541 712 709 
7544 712 711 
7548 712 711 
7552 712 711 
7555 712 711 
7559 712 711 
7562 712 711 
7566 312 711 
7570 312 711 
7574 312 709 
7577 312 707 
7581 312 701 
7584 312 696 
7588 312 691 
7591 312 685 
7595 312 679 
7599 312 672 
7602 312 666 
7606 312 659 
7609 312 651 
7613 312 645 
7617 312 637 
7620 312 631 
7624 312 623 
7627 312 617 
7631 312 608 
7634 312 602 
7638 312 594 
7642 312 588 
7645 312 580 
7649 312 574 
7652 312 565 
7656 312 560 
7660 312 551 
7663 312 546 
7667 312 536 
7670 312 531 
7674 312 521 
7677 312 515 
7681 312 505 
7685 312 500 
7688 312 492 
7692 312 487 
7695 312 477 
7699 312 472 
7702 312 465 
7706 312 457 
7710 312 448 
7713 312 443 
7717 312 435 
7720 312 428 
7724 312 419 
7727 312 413 
7731 312 403 
7735 312 399 
7738 312 391 
7742 312 384 
7745 312 374 
7749 312 369 
7753 312 361 
7756 312 355 
7760 312 348 
7763 312 343 
7767 312 336 
7770 312 333 
7774 312 329 
7778 312 326 
7781 312 323 
7785 312 321 
7788 312 319 
7792 312 318 
7796 312 315 
7799 312 314 
7803 312 313 
7806 312 312 
7810 312 312 
7813 312 311 
7817 312 311 
7821 312 311 
7824 312 311 
7828 312 311 
7831 312 311 
7835 312 311 
7838 312 311 
7842 312 311 
7846 312 311 
7849 312 311 
7853 312 311 
7856 312 311 
7860 312 311 
7863 312 311 
7867 312 311 
7871 312 311 
7874 312 311 
7878 312 311 
7881 312 310 
7885 312 311 
7889 312 311 
7892 312 311 
7896 312 311 
7899 312 311 
7903 312 311 
7906 312 311 
7910 312 311 
7914 312 311 
7917 312 311 
7921 312 311 
7924 312 311 
7928 312 311 
7931 312 311 
7935 312 311 
7939 312 311 
7942 312 311 
7946 312 311 
7949 312 311 
7953 312 311 
7957 312 311 
7960 312 311 
7964 312 311 
7967 312 311 
7971 312 311 
7974 312 311 
7978 312 311 
7982 312 311 
7985 312 311 
7989 312 311 
7992 312 311 
7996 312 311 
7999 312 311 
8003 312 311 
8007 312 311 
8010 312 311 
8014 312 311 
8017 312 311 
8021 312 311 
8025 312 311 
8028 312 311 
8032 312 311 
8035 312 311 
8039 312 311 
8042 312 311 
8046 312 311 
8050 312 311 
8053 312 311 
8057 312 311 
8060 312 311 
8064 312 311 
8068 312 311 
8071 312 311 
8075 312 311 
8078 312 311 
8082 312 311 
8085 312 311 
8089 312 311 
8093 312 311 
8096 312 311 
8100 312 311 
8103 312 311 
8107 312 311 
8110 312 311 
8114 312 311 
8118 312 311 
8121 312 311 
8125 312 311 
8128 312 311 
8132 312 311 
8135 312 311 
8139 312 311 
8143 312 311 
8146 312 311 
8150 312 311 
8153 312 311 
8157 312 311 
8161 312 311 
8164 312 311 
8168 312 311 
8171 312 311 
8175 312 311 
8178 312 311 
8182 312 310 
8186 312 311 
8189 312 311 
8193 312 311 
8196 312 311 
8200 312 311 
8204 312 311 
8207 312 311 
8211 312 311 
8214 312 311 
8218 312 311 
8222 712 311 
8225 712 311 
8229 712 313 
8233 712 315 
8236 712 321 
8240 712 325 
8243 712 332 
8247 712 336 
8251 712 343 
8254 712 350 
8258 712 356 
8261 712 363 
8265 712 373 
8268 712 378 
8272 712 385 
8276 712 391 
8279 712 400 
8283 712 406 
8286 712 414 
8290 712 421 
8294 712 429 
8297 712 435 
8301 712 443 
8304 712 450 
8308 712 460 
8311 712 464 
8315 712 472 
8319 712 479 
8322 712 487 
8326 712 493 
8329 712 501 
8333 712 508 
8336 712 516 
8340 712 523 
8344 712 532 
8347 712 538 
8351 712 547 
8354 712 552 
8358 712 561 
8362 712 568 
8365 712 575 
8369 712 582 
8372 712 589 
8376 712 596 
8379 712 604 
8383 712 610 
8387 712 619 
8390 712 625 
8394 712 633 
8397 712 638 
8401 712 645 
8404 712 649 