3731 312 511 
3732 312 511 
3733 312 510 
3734 312 510 
3734 312 510 
3735 312 510 
3736 312 509 
3737 312 509 
3737 312 508 
3738 312 508 
3739 312 507 
3740 312 505 
3740 312 505 
3741 312 504 
3742 312 503 
3743 312 503 
3743 312 503 
3744 312 501 
3745 312 500 
3746 312 500 
3746 312 498 
3747 312 497 
3748 312 495 
3748 312 495 
3749 312 494 
3750 312 492 
3751 312 493 
3751 312 493 
3752 312 489 
3753 312 488 
3754 312 488 
3754 312 485 
3755 312 484 
3756 312 484 
3757 312 484 
3757 312 480 
3758 312 479 
3759 312 477 
3760 312 477 
3760 312 474 
3761 312 473 
3762 312 471 
3763 312 471 
3763 312 469 
3764 312 467 
3765 312 467 
3766 312 465 
3766 312 463 
3767 312 462 
3768 312 462 
3769 312 460 
3769 312 458 
3770 312 455 
3771 312 455 
3772 312 453 
3772 312 451 
3773 312 451 
3774 312 450 
3775 312 449 
3775 312 447 
3776 312 447 
3777 312 444 
3778 312 442 
3778 312 440 
3779 312 440 
3780 312 438 
3781 312 436 
3781 312 436 
3782 312 434 
3783 312 431 
3784 312 430 
3784 312 430 
3785 312 430 
3786 312 425 
3787 312 423 
3787 312 423 
3788 312 421 
3789 312 420 
3790 312 420 
3790 312 418 
3791 312 415 
3792 312 413 
3792 312 413 
3793 312 410 
3794 312 409 
3795 312 408 
3795 312 408 
3796 312 406 
3797 312 402 
3798 312 402 
3798 312 400 
3799 312 399 
3800 312 396 
3801 312 396 
3801 312 394 
3802 312 392 
3803 312 391 
3804 312 391 
3804 312 388 
3805 312 386 
3806 312 386 
3807 312 384 
3807 312 382 
3808 312 380 
3809 312 380 
3809 312 378 
3810 312 376 
3811 312 373 
3812 312 373 
3812 312 371 
3813 312 370 
3814 312 370 
3815 312 368 
3815 312 364 
3816 312 363 
3817 312 363 
3818 312 361 
3818 312 360 
3819 312 356 
3820 312 356 
3821 312 355 
3821 312 353 
3822 312 353 
3823 312 351 
3824 312 350 
3824 312 348 
3825 312 348 
3826 312 346 
3827 312 344 
3827 312 343 
3828 312 343 
3829 312 342 
3830 312 340 
3830 312 340 
3831 312 339 
3832 312 336 
3833 312 336 
3833 312 336 
3834 312 334 
3835 312 333 
3836 312 332 
3836 312 332 
3837 312 331 
3838 312 330 
3838 312 330 
3839 312 329 
3840 312 328 
3841 312 326 
3841 312 326 
3842 312 326 
3843 312 325 
3844 312 324 
3844 312 324 
3845 312 323 
3846 312 323 
3847 312 323 
3847 312 322 
3848 312 321 
3849 312 321 
3850 312 321 
3850 312 321 
3851 312 320 
3852 312 319 
3853 312 319 
3853 312 318 
3854 312 318 
3855 312 318 
3856 312 318 
3856 312 316 
3857 312 316 
3858 312 316 
3859 312 315 
3859 312 316 
3860 312 316 
3861 312 315 
3861 312 314 
3862 312 314 
3863 312 314 
3864 312 314 
3864 312 314 
3865 312 314 
3866 312 313 
3867 312 313 
3867 312 313 
3868 312 313 
3869 312 314 
3870 312 312 
3870 312 312 
3871 312 312 
3872 312 312 
3872 312 313 
3873 312 313 
3874 312 312 
3875 312 312 
3875 312 312 
3876 312 311 
3877 312 311 
3877 312 311 
3878 312 311 
3879 312 311 
3880 312 311 
3880 312 311 
3881 312 311 
3882 312 311 
3883 312 311 
3883 312 311 
3884 312 311 
3885 312 312 
3885 312 312 
3886 312 311 
3887 312 311 
3888 312 311 
3888 312 312 
3889 312 313 
3890 312 311 
3890 312 311 
3891 312 311 
3892 312 311 
3893 312 311 
3893 312 311 
3894 312 311 
3895 312 311 
3896 312 311 
3896 312 311 
3897 312 311 
3898 312 311 
3898 312 311 
3899 312 311 
3900 312 311 
3901 312 311 
3901 312 311 
3902 312 311 
3903 312 311 
3904 312 311 
3904 312 311 
3905 312 311 
3906 312 311 
3906 312 311 
3907 312 311 
3908 312 311 
3909 312 311 
3909 312 311 
3910 312 311 
3911 312 311 
3912 312 311 
3912 312 311 
3913 312 311 
3914 312 311 
3914 312 311 
3915 312 311 
3916 312 311 
3917 312 311 
3917 312 311 
3918 312 311 
3919 312 311 
3919 312 311 
3920 312 311 
3921 312 311 
3922 312 310 
3922 312 310 
3923 312 311 
3924 312 311 
3925 312 311 
3925 312 311 
3926 312 311 
3927 312 309 
3927 312 309 
3928 312 311 
3929 312 311 
3929 312 311 
3930 312 311 
3931 312 311 
3932 312 311 
3932 312 311 
3933 312 309 
3934 312 309 
3935 312 309 
3935 312 311 
3936 312 311 
3937 312 311 
3937 312 311 
3938 312 311 
3939 312 311 
3940 312 311 
3940 312 311 
3941 312 311 
3942 312 311 
3942 312 311 
3943 312 311 
3944 312 311 
3945 312 311 
3945 312 311 
3946 312 311 
3947 312 311 
3948 312 311 
3948 312 311 
3949 312 311 
3950 312 311 
3951 312 311 
3951 312 311 
3952 312 311 
3953 312 311 
3953 312 311 
3954 312 310 
3955 312 310 
3956 312 311 
3956 312 311 
3957 312 311 
3958 312 311 
3958 312 311 
3959 312 311 
3960 312 311 
3961 312 311 
3961 312 311 
3962 312 311 
3963 312 311 
3964 312 311 
3964 312 311 
3965 312 311 
3966 312 311 
3967 312 310 
3967 312 310 
3968 312 311 
3969 312 311 
3969 312 311 
3970 312 311 
3971 312 311 
3972 312 311 
3972 312 311 
3973 312 311 
3974 312 311 
3974 312 311 
3975 312 310 
3976 312 311 
3977 312 311 
3977 312 311 
3978 312 313 
3979 312 311 
3979 312 311 
3980 312 311 
3981 312 309 
3982 312 309 
3982 312 311 
3983 312 311 
3984 312 311 
3984 312 311 
3985 312 311 
3986 312 311 
3987 312 311 
3987 312 311 
3988 312 311 
3989 312 311 
3990 312 311 
3990 312 311 
3991 312 311 
3992 312 311 
3992 312 311 
3993 312 311 
3994 312 311 
3995 312 311 
3995 312 311 
3996 312 311 
3997 312 311 
3998 312 311 
3998 312 311 
3999 312 311 
4000 312 311 
4000 312 311 
4001 312 311 
4002 312 311 
4003 312 311 
4003 312 311 
4004 312 311 
4005 312 311 
4006 312 311 
4006 312 311 
4007 312 310 
4008 312 311 
4008 312 311 
4009 312 311 
4010 312 311 
4011 312 311 
4011 312 311 
4012 312 311 
4013 312 311 
4014 312 311 
4014 312 311 
4015 312 311 
4016 312 311 
4016 312 311 
4017 312 312 
4018 312 311 
4018 312 311 
4019 312 311 
4020 312 311 
4021 312 312 
4021 312 312 
4022 312 311 
4023 312 311 
4024 312 311 
4024 312 311 
4025 312 311 
4026 312 311 
4026 312 311 
4027 312 311 
4028 312 311 
4029 312 311 
4029 312 313 
4030 312 311 
4031 312 311 
4032 312 311 
4032 312 311 
4033 312 311 
4034 312 311 
4034 312 311 
4035 312 311 
4036 312 311 
4037 312 311 
4037 312 311 
4038 312 311 
4039 312 311 
4040 312 311 
4040 312 311 
4041 312 311 
4042 312 311 
4042 312 312 
4043 312 311 
4044 312 311 
4045 312 311 
4045 312 310 
4046 312 310 
4047 312 311 
4047 312 311 
4048 312 311 
4049 312 311 
4050 312 311 
4050 312 311 
4051 312 311 
4052 312 311 
4053 312 313 
4053 312 313 
4054 312 311 
4055 312 311 
4055 312 311 
4056 312 311 
4057 312 311 
4058 312 311 
4058 312 311 
4059 312 311 
4060 312 311 
4060 312 311 
4061 312 311 
4062 312 312 
4063 312 311 
4063 312 311 
4064 312 311 
4065 312 311 
4065 312 311 
4066 312 311 
4067 312 311 
4068 312 311 
4068 312 311 
4069 312 309 
4070 312 312 
4070 312 312 
4071 312 311 
4072 312 311 
4073 312 311 
4073 312 311 
4074 312 312 
4075 312 311 
4076 312 311 
4076 312 311 
4077 312 311 
4078 312 311 
4078 312 311 
4079 312 311 
4080 312 311 
4081 312 311 
4081 312 311 
4082 312 311 
4083 312 311 
4084 312 311 
4084 312 311 
4085 312 311 
4086 312 311 
4086 312 311 
4087 312 311 
4088 312 311 
4089 312 311 
4089 312 311 
4090 312 311 
4091 312 310 
4092 312 311 
4092 312 311 
4093 312 311 
4094 312 311 
4094 312 310 
4095 312 310 
4096 312 311 
4097 312 311 
4097 312 311 
4098 312 311 
4099 312 311 
4100 312 311 
4100 312 311 
4101 312 311 
4102 312 311 
4102 312 311 
4103 312 311 
4104 312 313 
4105 312 311 
4105 312 311 
4106 312 311 
4107 312 311 
4107 312 311 
4108 312 311 
4109 312 311 
4110 312 311 
4110 312 311 
4111 312 311 
4112 312 311 
4112 312 311 
4113 312 311 
4114 312 311 
4115 312 311 
4115 312 311 
4116 312 311 
4117 312 309 
4118 312 309 
4118 312 311 
4119 312 311 
4120 312 311 
4120 312 311 
4121 312 311 
4122 312 311 
4123 312 311 
4123 312 311 
4124 312 311 
4125 312 311 
4126 312 311 
4126 312 311 
4127 312 311 
4128 312 311 
4128 312 312 
4129 312 311 
4130 312 311 
4131 312 311 
4131 312 311 
4132 312 311 
4133 312 311 
4133 312 311 
4134 312 311 
4135 312 311 
4136 312 311 
4136 312 311 
4137 312 311 
4138 312 311 
4139 312 311 
4139 312 311 
4140 312 311 
4141 312 311 
4141 312 311 
4142 312 311 
4143 312 311 
4144 312 311 
4144 312 311 
4145 312 311 
4146 312 311 
4147 312 311 
4147 312 311 
4148 312 311 
4149 312 311 
4149 312 311 
4150 312 311 
4151 312 311 
4152 312 311 
4152 312 311 
4153 312 309 
4154 312 311 
4154 312 311 
4155 312 311 
4156 312 311 
4157 312 311 
4157 312 311 
4158 312 311 
4159 312 311 
4159 312 311 
4160 312 311 
4161 312 310 
4162 312 310 
4162 312 311 
4163 312 311 
4164 312 311 
4165 312 311 
4165 312 312 
4166 312 311 
4167 312 311 
4167 312 311 
4168 312 311 
4169 312 311 
4170 312 311 
4170 312 311 
4171 312 311 
4172 312 311 
4173 312 311 
4173 312 311 
4174 312 311 
4175 312 311 
4175 312 311 
4176 312 311 
4177 312 311 
4178 312 311 
4178 312 311 
4179 312 311 
4180 312 311 
4181 312 310 
4181 312 311 
4182 312 311 
4183 312 311 
4183 312 311 
4184 312 311 
4185 312 312 
4186 312 311 
4186 312 311 
4187 312 311 
4188 312 311 
4189 312 311 
4189 312 311 
4190 312 311 
4191 312 309 
4191 312 309 
4192 312 311 
4193 312 311 
4194 312 311 
4194 312 311 
4195 312 311 
4196 312 311 
4197 312 311 
4197 312 311 
4198 312 311 
4199 312 311 
4199 312 311 
4200 312 311 
4201 312 311 
4202 312 311 
4202 312 311 
4203 312 311 
4204 312 311 
4204 312 311 
4205 312 311 
4206 312 311 
4207 312 311 
4207 312 311 
4208 312 311 
4209 312 311 
4210 312 311 
4210 312 311 
4211 312 311 
4212 312 311 
4212 312 311 
4213 312 311 
4214 312 311 
4215 312 311 
4215 312 311 
4216 312 311 
4217 312 311 
4217 312 311 
4218 312 311 
4219 312 311 
4220 312 312 
4220 312 311 
4221 312 311 
4222 312 311 
4222 312 311 
4223 312 311 
4224 312 311 
4225 312 311 
4225 312 311 
4226 312 311 
4227 312 311 
4228 312 311 
4228 312 311 
4229 312 311 
4230 312 310 
4231 312 311 
4231 312 311 
4232 312 311 
4233 312 311 
4233 312 311 
4234 312 311 
4235 312 311 
4236 312 311 
4236 312 311 
4237 312 311 
4238 312 311 
4239 312 310 
4239 312 310 
4240 312 311 
4241 312 311 
4241 312 311 
4242 312 311 
4243 312 311 
4243 312 311 
4244 312 311 
4245 312 311 
4246 312 311 
4246 312 311 
4247 312 311 
4248 312 310 
4248 312 310 
4249 312 311 
4250 312 311 
4251 312 311 
4251 312 311 
4252 312 311 
4253 312 311 
4254 312 311 
4254 312 311 
4255 312 311 
4256 312 311 
4256 312 311 
4257 312 311 
4258 312 311 
4259 312 311 
4259 312 311 
4260 312 312 
4261 312 312 
4262 312 311 
4262 312 311 
4263 312 310 
4264 312 310 
4264 312 310 
4265 312 311 
4266 312 311 
4267 312 311 
4267 312 311 
4268 312 311 
4269 312 311 
4269 312 311 
4270 312 311 
4271 312 311 
4272 312 310 
4272 312 311 
4273 312 311 
4274 312 311 
4275 312 311 
4275 312 311 
4276 312 311 
4277 312 311 
4277 312 311 
4278 312 311 
4279 312 311 
4280 312 311 
4280 312 311 
4281 312 311 
4282 312 311 
4283 312 311 
4283 312 311 
4284 312 311 
4285 312 311 
4285 312 311 
4286 312 311 
4287 312 311 
4287 312 311 
4288 312 311 
4289 312 311 
4290 312 311 
4290 312 311 
4291 312 311 
4292 312 311 
4293 312 311 
4293 312 311 
4294 312 311 
4295 312 311 
4295 312 311 
4296 312 311 
4297 312 311 
4298 312 311 
4298 312 311 
4299 312 311 
4300 312 311 
4301 312 311 
4301 312 311 
4302 312 311 
4303 312 311 
4303 312 311 
4304 312 311 
4305 312 311 
4306 312 311 
4306 312 312 
4307 312 311 
4308 312 311 
4309 312 311 
4309 312 311 
4310 312 311 
4311 312 311 
4311 312 311 
4312 312 311 
4313 312 311 
4314 312 311 
4314 312 311 
4315 312 311 
4316 312 311 
4316 312 311 
4317 312 311 
4318 312 311 
4319 312 310 
4319 312 311 
4320 312 311 
4321 312 311 
4321 312 311 
4322 312 311 
4323 312 311 
4324 312 311 
4324 312 311 
4325 312 311 
4326 312 310 
4327 312 311 
4327 312 311 
4328 312 310 
4329 312 311 
4330 312 311 
4330 312 311 
4331 312 311 
4332 312 311 
4332 312 311 
4333 312 311 
4334 312 311 
4335 312 311 
4335 312 311 
4336 312 311 
4337 312 311 
4337 312 311 
4338 312 311 
4339 312 311 
4340 312 311 
4340 312 311 
4341 312 311 
4342 312 311 
4342 312 311 
4343 312 311 
4344 312 311 
4345 312 311 
4345 312 311 
4346 312 311 
4347 312 311 
4347 312 311 
4348 312 311 
4349 312 311 
4350 312 311 
4350 312 311 
4351 312 311 
4352 312 311 
4353 312 311 
4353 312 311 
4354 312 311 
4355 312 311 
4355 312 311 
4356 312 311 
4357 712 311 
4358 712 311 
4359 712 311 
4360 712 312 
4360 712 311 
4361 712 311 
4362 712 311 
4362 712 311 
4363 712 311 
4364 712 312 
4365 712 313 
4365 712 313 
4366 712 313 
4367 712 314 
4368 712 315 
4368 712 315 
4369 712 316 
4370 712 318 
4371 712 319 
4371 712 319 
4372 712 319 
4373 712 323 
4374 712 323 
4374 712 323 
4375 712 325 
4376 712 326 
4377 712 328 
4377 712 328 
4378 712 329 
4379 712 331 
4379 712 331 
4380 712 332 
4381 712 333 
4382 712 335 
4382 712 335 
4383 712 338 
4384 712 339 
4385 712 339 
4385 712 341 
4386 712 343 
4387 712 344 
4388 712 344 
4388 712 346 
4389 712 349 
4390 712 351 
4391 712 351 
4391 712 352 
4392 712 354 
4393 712 354 
4394 712 356 
4394 712 359 
4395 712 360 
4396 712 360 
4397 712 362 
4397 712 364 
4398 712 365 
4399 712 365 
4400 712 368 
4400 712 371 
4401 712 372 
4402 712 372 
4403 712 374 
4403 712 376 
4404 712 376 
4405 712 379 
4406 712 381 
4406 712 382 
4407 712 382 
4408 712 385 
4409 712 386 
4409 712 389 
4410 712 389 
4411 712 391 
4412 712 393 
4412 712 393 
4413 712 395 
4414 712 396 
4415 712 399 
4415 712 399 
4416 712 401 
4417 712 403 
4418 712 405 
4418 712 405 
4419 712 408 
4420 712 410 
4420 712 410 
4421 712 411 
4422 712 412 
4423 712 415 
4423 712 415 
4424 712 418 
4425 712 420 
4426 712 422 
4426 712 422 
4427 712 424 
4428 712 425 
4429 712 425 
4429 712 428 
4430 712 431 
4431 712 432 
4432 712 432 
4432 712 434 
4433 712 435 
4434 712 439 
4435 712 439 
4435 712 440 
4436 712 442 
4437 712 442 
4438 712 444 
4438 712 448 
4439 712 449 
4440 712 449 
4441 712 450 
4441 712 453 
4442 712 455 
4443 712 455 
4444 712 457 
4444 712 460 
4445 712 461 
4446 712 461 
4447 712 464 
4447 712 464 
4448 712 464 
4449 712 468 
4450 712 470 
4450 712 471 
4451 712 471 
4452 712 473 
4453 712 475 
4453 712 478 
4454 712 478 
4455 712 480 
4456 712 480 
4456 712 480 
4457 712 485 
4458 712 485 
4459 712 488 
4459 712 488 
4460 712 490 
4461 712 492 
4462 712 493 
4462 712 493 
4463 712 497 
4464 712 499 
4464 712 499 
4465 712 500 
4466 712 500 
4467 712 504 
4467 712 504 
4468 712 507 
4469 712 509 
4470 712 511 
4470 712 511 
4471 712 513 
4472 712 515 
4473 712 515 
4473 712 518 
4474 712 520 
4475 712 522 
4475 712 522 
4476 712 524 
4477 712 526 
4478 712 528 
4479 712 528 
4479 712 530 
4480 712 533 
4481 712 533 
4481 712 535 
4482 712 538 
4483 712 538 
4484 712 538 
4484 712 541 
4485 712 543 
4486 712 545 
4487 712 545 
4488 712 547 
4488 712 550 
4489 712 550 
4490 712 551 
4490 712 553 
4491 712 556 
4492 712 556 
4493 712 558 
4493 712 560 
4494 712 562 
4495 712 562 
4496 712 564 
4496 712 567 
4497 712 567 
4498 712 569 
4499 712 570 
4499 712 573 
4500 712 573 
4501 712 574 
4502 712 576 
4502 712 578 
4503 712 578 
4504 712 581 
4505 712 582 
4505 712 584 
4506 712 584 
4507 712 587 
4508 712 588 
4508 712 588 
4509 712 590 
4510 712 592 
4511 712 595 
4511 712 595 
4512 712 596 
4513 712 599 
4514 712 602 
4514 712 602 
4515 712 602 
4516 712 605 
4517 712 605 
4517 712 607 
4518 712 608 
4519 712 611 
4520 712 611 
4520 712 613 
4521 712 615 
4522 712 618 
4523 712 618 
4523 712 620 
4524 712 621 
4525 712 621 
4525 712 623 
4526 712 625 
4527 712 627 
4528 712 627 
4528 712 631 
4529 712 633 
4530 712 634 
4531 712 634 
4531 712 636 
4532 712 638 
4533 712 638 
4534 712 641 
4534 712 643 
4535 712 645 
4536 712 645 
4537 712 647 
4537 712 648 
4538 712 650 
4539 712 650 
4540 712 654 
4540 712 655 
4541 712 655 
4542 712 656 
4543 712 659 
4543 712 661 
4544 712 661 
4545 712 662 
4546 712 664 
4546 712 667 
4547 712 667 
4548 712 670 
4549 712 671 
4549 712 672 
4550 712 672 
4551 712 674 
4552 712 678 
4552 712 678 
4553 712 678 
4554 712 679 
4555 712 682 
4555 712 682 
4556 712 682 
4557 712 684 
4558 712 685 
4558 712 685 
4559 712 687 
4560 712 687 
4561 712 687 
4561 712 688 
4562 712 691 
4563 712 692 
4564 712 692 
4564 712 692 
4565 712 693 
4566 712 695 
4567 712 695 
4567 712 697 
4568 712 697 
4569 712 698 
4570 712 698 
4570 712 699 
4571 712 700 
4572 712 700 
4573 712 700 
4573 712 701 
4574 712 701 
4575 712 701 
4576 712 703 
4576 712 704 
4577 712 704 
4578 712 704 
4579 712 705 
4579 712 705 
4580 712 705 
4581 712 707 
4581 712 706 
4582 712 706 
4583 712 706 
4584 712 707 
4585 712 707 
4585 712 707 
4586 712 707 
4587 712 708 
4588 712 708 
4588 712 708 
4589 712 709 
4590 712 709 
4591 712 709 
4591 712 709 
4592 712 709 
4593 712 709 
4594 712 709 
4594 712 709 
4595 712 710 
4596 712 710 
4596 712 710 
4597 712 710 
4598 712 712 
4599 712 711 
4599 712 711 
4600 712 711 
4601 712 711 
4602 712 711 
4602 712 711 
4603 712 711 
4604 712 710 
4604 712 710 
4605 712 711 
4606 712 711 
4607 712 711 
4607 712 711 
4608 712 711 
4609 712 711 
4610 712 711 
4610 712 711 
4611 712 711 
4612 712 711 
4612 712 713 
4613 712 712 
4614 712 711 
4615 712 711 
4615 712 709 
4616 712 711 
4617 712 711 
4618 712 711 
4618 712 711 
4619 712 711 
4620 712 711 
4621 712 711 
4621 712 711 
4622 712 711 
4623 712 711 
4624 712 711 
4624 712 711 
4625 712 711 
4626 712 711 
4626 712 711 
4627 712 711 
4628 712 711 
4629 712 711 
4629 712 711 
4630 712 711 
4631 712 711 
4632 712 711 
4632 712 711 
4633 712 711 
4634 712 711 
4635 712 711 
4635 712 711 
4636 712 711 
4637 712 711 
4638 712 711 
4638 712 711 
4639 712 711 
4640 712 711 
4641 712 711 
4641 712 711 
4642 712 711 
4643 712 711 
4644 712 711 
4644 712 711 
4645 712 711 
4646 712 711 
4646 712 711 
4647 712 711 
4648 712 711 
4649 712 711 
4649 712 711 
4650 712 711 
4651 712 711 
4652 712 711 
4652 712 711 
4653 712 711 
4654 712 710 
4655 712 710 
4655 712 711 
4656 712 711 
4657 712 711 
4657 712 711 
4658 712 711 
4659 712 711 
4660 712 711 
4660 712 711 
4661 712 711 
4662 712 710 
4663 712 710 
4663 712 711 
4664 712 711 
4665 712 711 
4666 712 711 
4666 712 711 
4667 712 711 
4668 712 711 
4669 712 711 
4669 712 711 
4670 712 711 
4671 712 711 
4672 712 711 
4672 712 711 
4673 712 711 
4674 712 711 
4675 712 711 
4675 712 709 
4676 712 709 
4677 712 712 
4678 712 711 
4678 712 711 
4679 712 711 
4680 712 711 
4681 712 711 
4681 712 711 
4682 712 711 
4683 712 711 
4684 712 711 
4684 712 711 
4685 712 711 
4686 712 711 
4687 712 711 
4687 712 711 
4688 712 711 
4689 712 711 
4689 712 711 
4690 712 711 
4691 712 711 
4692 712 711 
4692 712 711 
4693 712 711 
4694 712 711 
4694 712 711 
4695 712 711 
4696 712 711 
4697 712 711 
4697 712 711 
4698 712 711 
4699 712 711 
4700 712 711 
4700 712 711 
4701 712 711 
4702 712 711 
4703 712 711 
4703 712 711 
4704 712 710 
4705 712 710 
4705 712 711 
4706 712 711 
4707 712 712 
4708 712 712 
4708 712 710 
4709 712 711 
4710 712 711 
4711 712 711 
4711 712 711 
4712 712 712 
4713 712 712 
4714 712 711 
4714 712 711 
4715 712 711 
4716 712 711 
4717 712 711 
4717 712 711 
4718 712 711 
4719 712 711 
4720 712 711 
4720 712 710 
4721 712 710 
4722 712 711 
4722 712 711 
4723 712 711 
4724 712 711 
4725 712 711 
4725 712 711 
4726 712 711 
4727 712 711 
4728 712 711 
4728 712 711 
4729 712 712 
4730 712 711 
4731 712 711 
4731 712 711 
4732 712 711 
4733 712 711 
4734 712 711 
4734 712 711 
4735 712 711 
4736 712 712 
4736 712 712 
4737 712 711 
4738 712 711 
4739 712 711 
4739 712 711 
4740 712 711 
4741 712 711 
4742 712 711 
4742 712 711 
4743 712 711 
4744 712 711 
4745 712 711 
4745 712 711 
4746 712 711 
4747 712 711 
4748 712 711 
4748 712 711 
4749 712 711 
4750 712 711 
4751 712 711 
4751 712 711 
4752 712 711 
4753 712 711 
4754 712 711 
4754 712 711 
4755 712 711 
4756 712 711 
4757 712 711 
4757 712 711 
4758 712 711 
4759 712 711 
4759 712 711 
4760 712 711 
4761 712 711 
4762 712 712 
4762 712 711 
4763 712 711 
4764 712 711 
4765 712 711 
4765 712 711 
4766 712 711 
4767 712 711 
4768 712 711 
4768 712 712 
4769 712 712 
4770 712 710 
4771 712 711 
4771 712 711 
4772 712 711 
4773 712 711 
4774 712 711 
4774 712 711 
4775 712 711 
4776 712 711 
4777 712 711 
4777 712 711 
4778 712 711 
4779 712 711 
4779 712 711 
4780 712 711 
4781 712 711 
4782 712 711 
4782 712 711 
4783 712 711 
4784 712 711 
4784 712 711 
4785 712 711 
4786 712 711 
4787 712 711 
4787 712 711 
4788 712 711 
4789 712 711 
4790 712 711 
4790 712 711 
4791 712 711 
4792 712 711 
4793 712 711 
4793 712 711 
4794 712 711 
4795 712 711 
4795 712 712 
4796 712 713 
4797 712 711 
4798 712 711 
4799 712 711 
4799 712 711 
4800 712 713 
4801 712 713 
4802 712 711 
4802 712 711 
4803 712 711 
4804 712 711 
4804 712 711 
4805 712 711 
4806 712 711 
4807 712 711 
4807 712 711 
4808 712 711 
4809 712 711 
4810 712 711 
4810 712 711 
4811 712 711 
4812 712 711 
4813 712 711 
4813 712 711 
4814 712 711 
4815 712 711 
4816 712 711 
4816 712 711 
4817 712 711 
4818 712 711 
4819 712 711 
4819 712 711 
4820 712 711 
4821 712 711 
4821 712 711 
4822 712 711 
4823 712 711 
4824 712 711 
4824 712 711 
4825 712 711 
4826 712 711 
4826 712 711 
4827 712 711 
4828 712 712 
4829 712 711 
4829 712 711 
4830 712 711 
4831 712 711 
4832 712 711 
4832 712 711 
4833 712 712 
4834 712 711 
4835 712 711 
4835 712 710 
4836 712 711 
4837 712 711 
4838 712 711 
4838 712 711 
4839 712 711 
4840 712 711 
4841 712 711 
4841 712 711 
4842 712 711 
4843 712 711 
4844 712 711 
4844 712 711 
4845 712 712 
4846 712 712 
4847 712 711 
4847 712 711 
4848 712 711 
4849 712 711 
4849 712 711 
4850 712 711 
4851 712 711 
4852 712 711 
4852 712 711 
4853 712 711 
4854 712 710 
4855 712 711 
4855 712 711 
4856 712 711 
4857 712 711 
4858 712 711 
4858 712 711 
4859 712 711 
4860 712 711 
4861 712 712 
4861 712 712 
4862 712 711 
4863 712 711 
4863 712 711 
4864 712 711 
4865 712 712 
4866 712 711 
4866 712 711 
4867 712 710 
4868 712 711 
4869 712 711 
4869 712 711 
4870 712 711 
4871 712 711 
4871 712 711 
4872 712 711 
4873 712 712 
4874 712 711 
4874 712 711 
4875 712 711 
4876 712 711 
4877 712 711 
4877 712 711 
4878 712 711 
4879 712 711 
4880 712 711 
4880 712 711 
4881 712 711 
4882 712 711 
4882 712 711 
4883 712 711 
4884 712 711 
4885 712 711 
4885 712 711 
4886 712 711 
4887 712 711 
4888 712 713 
4888 712 711 
4889 712 711 
4890 712 711 
4891 712 711 
4891 712 711 
4892 712 711 
4893 712 711 
4894 712 711 
4894 712 711 
4895 712 711 
4896 712 711 
4896 712 711 
4897 712 711 
4898 712 711 
4899 712 710 
4899 712 711 
4900 712 711 
4901 712 711 
4902 712 711 
4902 712 711 
4903 712 711 
4904 712 711 
4905 712 711 
4905 712 711 
4906 712 711 
4907 712 711 
4908 712 711 
4908 712 711 
4909 712 711 
4910 712 711 
4910 712 711 
4911 712 711 
4912 712 711 
4913 712 711 
4913 712 711 
4914 712 711 
4915 712 711 
4916 712 711 
4916 712 711 
4917 712 711 
4918 712 711 
4918 712 711 
4919 712 711 
4920 712 711 
4921 712 711 
4921 712 711 
4922 712 711 
4923 712 711 
4923 712 711 
4924 712 710 
4925 712 711 
4926 712 711 
4926 712 711 
4927 712 711 
4928 712 711 
4929 712 711 
4929 712 711 
4930 712 711 
4931 712 711 
4932 712 711 
4932 712 711 
4933 712 711 
4934 712 712 
4935 712 712 
4935 712 711 
4936 712 711 
4937 712 711 
4938 712 711 
4938 712 711 
4939 712 711 
4940 712 711 
4941 712 711 
4941 712 711 
4942 712 711 
4943 712 711 
4944 712 711 
4944 712 711 
4945 712 711 
4946 712 711 
4947 712 711 
4947 712 711 
4948 712 711 
4949 712 711 
4949 712 711 
4950 712 711 
4951 712 711 
4952 712 711 
4952 712 711 
4953 712 711 
4954 712 711 
4955 712 711 
4955 712 711 
4956 712 711 
4957 712 711 
4958 712 711 
4958 712 711 
4959 712 711 
4960 712 711 
4960 712 711 
4961 712 711 
4962 712 711 
4963 712 711 
4963 712 711 
4964 712 711 
4965 712 711 
4966 712 711 
4966 712 711 
4967 712 711 
4968 712 711 
4969 712 711 
4969 712 711 
4970 712 711 
4971 712 711 
4972 712 711 
4972 712 711 
4973 712 711 
4974 712 711 
4974 712 711 
4975 712 709 
4976 712 711 
4977 712 711 
4977 712 711 
4978 712 711 
4979 712 711 
4980 712 711 
4980 712 711 
4981 712 711 
4982 712 711 
4983 712 711 
4983 712 711 
4984 712 711 
4985 712 711 
4986 712 711 
4986 712 711 
4987 712 711 
4988 712 711 
4988 712 709 
4989 712 709 
4990 712 710 
4991 712 711 
4991 712 711 
4992 712 711 
4993 712 711 
4994 712 711 
4994 712 711 
4995 712 711 
4996 712 711 
4997 712 711 
4997 712 711 
4998 712 711 
4999 712 711 
5000 712 711 
5000 712 711 
5001 712 711 
5002 712 711 
5002 712 711 
5003 712 711 
5004 712 711 
5005 712 711 
5005 712 711 
5006 712 711 
5007 712 711 
5007 712 711 
5008 712 711 
5009 712 711 
5010 712 711 
5010 712 711 
5012 312 711 
5012 312 711 
5013 312 711 
5014 312 711 
5015 312 711 
5015 312 711 
5016 312 711 
5017 312 711 
5018 312 711 
5018 312 711 
5019 312 710 
5020 312 709 
5021 312 709 
5021 312 708 
5022 312 707 
5023 312 707 
5024 312 706 
5024 312 705 
5025 312 703 
5026 312 703 
5027 312 703 
5027 312 698 
5028 312 697 
5029 312 697 
5030 312 697 
5030 312 696 
5031 312 696 
5032 312 694 
5033 312 692 
5033 312 689 
5034 312 689 
5035 312 689 
5036 312 687 
5036 312 686 
5037 312 686 
5038 312 684 
5039 312 682 
5039 312 682 
5040 312 682 
5041 312 679 
5042 312 676 
5042 312 676 
5043 312 675 
5044 312 674 
5045 312 671 
5045 312 671 
5046 312 670 
5047 312 668 
5048 312 666 
5048 312 666 
5049 312 663 
5050 312 661 
5050 312 661 
5051 312 660 
5052 312 661 
5053 312 657 
5053 312 657 
5054 312 655 
5055 312 652 
5056 312 650 
5056 312 650 
5057 312 648 
5058 312 647 
5059 312 647 
5059 312 645 
5060 312 642 
5061 312 641 
5062 312 641 
5062 312 638 
5063 312 635 
5064 312 634 
5065 312 634 
5065 312 632 
5066 312 631 
5067 312 631 
5068 312 627 
5068 312 625 
5069 312 624 
5070 312 624 
5071 312 622 
5071 312 620 
5072 312 618 
5073 312 618 
5074 312 615 
5074 312 612 
5075 312 612 
5076 312 611 
5077 312 609 
5077 312 607 
5078 312 607 
5079 312 605 
5080 312 602 
5080 312 601 
5081 312 601 
5082 312 599 
5083 312 597 
5083 312 597 
5084 312 595 
5085 312 594 
5086 312 590 
5086 312 590 
5087 312 588 
5088 312 587 
5089 312 585 
5089 312 585 
5090 312 583 
5091 312 581 
5092 312 578 
5092 312 578 
5093 312 576 
5094 312 574 
5095 312 574 
5095 312 573 
5096 312 571 
5097 312 569 
5097 312 569 
5098 312 565 
5099 312 564 
5100 312 562 
5100 312 562 
5101 312 560 
5102 312 558 
5103 312 558 
5103 312 557 
5104 312 553 
5105 312 551 
5106 312 551 
5106 312 550 
5107 312 549 
5108 312 546 
5109 312 546 
5109 312 544 
5110 312 541 
5111 312 539 
5112 312 539 
5112 312 537 
5113 312 535 
5114 312 535 
5115 312 534 
5115 312 531 
5116 312 528 
5117 312 528 
5118 312 526 
5118 312 524 
5119 312 522 
5120 312 522 
5121 312 520 
5121 312 518 
5122 312 518 
5123 312 515 
5124 312 513 
5124 312 511 
5125 312 511 
5126 312 510 
5127 312 507 
5127 312 504 
5128 312 504 
5129 312 503 
5130 312 500 
5130 312 500 
5131 312 500 
5132 312 497 
5133 312 494 
5133 312 494 
5134 312 492 
5135 312 490 
5136 312 489 
5136 312 489 
5137 312 485 
5138 312 484 
5139 312 484 
5139 312 482 
5140 312 480 
5141 312 478 
5141 312 478 
5142 312 475 
5143 312 474 
5144 312 471 
5144 312 471 
5145 312 470 
5146 312 468 
5147 312 465 
5147 312 465 
5148 312 463 
5149 312 461 
5150 312 461 
5150 312 460 
5151 312 458 
5152 312 455 
5153 312 455 
5153 312 453 
5154 312 451 
5155 312 449 
5156 312 449 
5156 312 448 
5157 312 444 
5158 312 444 
5159 312 443 
5159 312 440 
5160 312 439 
5161 312 439 
5162 312 436 
5162 312 434 
5163 312 432 
5164 312 432 
5165 312 431 
5165 312 428 
5166 312 428 
5167 312 426 
5168 312 423 
5168 312 422 
5169 312 422 
5170 312 421 
5171 312 418 
5171 312 415 
5172 312 415 
5173 312 414 
5174 312 411 
5174 312 411 
5175 312 410 
5176 312 408 
5176 312 405 
5177 312 405 
5178 312 403 
5179 312 401 
5180 312 400 
5180 312 400 
5181 312 395 
5182 312 395 
5182 312 395 
5183 312 393 
5184 312 391 
5185 312 388 
5185 312 388 
5186 312 386 
5187 312 384 
5188 312 381 
5188 312 381 
5189 312 380 
5190 312 378 
5191 312 378 
5191 312 376 
5192 312 373 
5193 312 372 
5194 312 372 
5194 312 370 
5195 312 368 
5196 312 364 
5197 312 364 
5197 312 363 
5198 312 362 
5199 312 362 
5200 312 359 
5200 312 356 
5201 312 356 
5202 312 356 
5202 312 353 
5203 312 351 
5204 312 350 
5205 312 350 
5206 312 348 
5206 312 346 
5207 312 346 
5208 312 344 
5208 312 343 
5209 312 342 
5210 312 342 
5211 312 340 
5211 312 339 
5212 312 338 
5213 312 338 
5214 312 335 
5214 312 335 
5215 312 335 
5216 312 333 
5217 312 332 
5217 312 331 
5218 312 331 
5219 312 331 
5220 312 329 
5220 312 328 
5221 312 328 
5222 312 328 
5223 312 326 
5223 312 326 
5224 312 325 
5225 312 324 
5226 312 323 
5226 312 323 
5227 312 323 
5228 312 322 
5229 312 322 
5229 312 322 
5230 312 321 
5231 312 321 
5231 312 321 
5232 312 319 
5233 312 319 
5234 312 318 
5234 312 318 
5235 312 318 
5236 312 315 
5237 312 316 
5237 312 316 
5238 312 316 
5239 312 315 
5240 312 315 
5240 312 315 
5241 312 315 
5242 312 314 
5243 312 314 
5243 312 312 
5244 312 314 
5245 312 314 
5245 312 314 
5246 312 313 
5247 312 313 
5248 312 313 
5248 312 313 
5249 312 312 
5250 312 312 
5251 312 312 
5251 312 311 
5252 312 312 
5253 312 312 
5254 312 312 
5254 312 312 
5255 312 312 
5256 312 312 
5256 312 312 
5257 312 312 
5258 312 312 
5259 312 311 
5259 312 311 
5260 312 311 
5261 312 311 
5261 312 311 
5262 312 311 
5263 312 313 
5264 312 311 
5264 312 311 
5265 312 311 
5266 312 312 
5267 312 311 
5267 312 311 
5268 312 311 
5269 312 311 
5270 312 311 
5270 312 311 
5271 312 310 
5272 312 311 
5272 312 311 
5273 312 311 
5274 312 310 
5275 312 311 
5275 312 311 
5276 312 311 
5277 312 311 
5277 312 311 
5278 312 311 
5279 312 311 
5280 312 311 
5280 312 311 
5281 312 311 
5282 312 311 
5282 312 311 
5283 312 311 
5284 312 311 
5285 312 311 
5285 312 311 
5286 312 311 
5287 312 311 
5287 312 311 
5288 312 311 
5289 312 311 
5290 312 311 
5290 312 309 
5291 312 311 
5292 312 311 
5293 312 311 
5293 312 311 
5294 312 311 
5295 312 311 
5295 312 311 
5296 312 311 
5297 312 311 
5298 312 311 
5298 312 311 
5299 312 311 
5300 312 311 
5301 312 311 
5301 312 311 
5302 312 311 
5303 312 311 
5303 312 311 
5304 312 311 
5305 312 311 
5306 312 311 
5306 312 311 
5307 312 311 
5308 312 312 
5308 312 311 
5309 312 311 
5310 312 312 
5311 312 311 
5311 312 311 
5312 312 311 
5313 312 311 
5314 312 311 
5314 312 311 
5315 312 311 
5316 312 311 
5316 312 311 
5317 312 311 
5318 312 311 
5319 312 311 
5319 312 311 
5320 312 311 
5321 312 312 
5321 312 312 
5322 312 311 
5323 312 311 
5324 312 311 
5324 312 311 
5325 312 311 
5326 312 311 
5326 312 311 
5327 312 311 
5328 312 311 
5329 312 311 
5329 312 311 
5330 312 311 
5331 312 311 
5332 312 311 
5332 312 311 
5333 312 312 
5334 312 312 
5334 312 311 
5335 312 311 
5336 312 311 
5337 312 311 
5337 312 311 
5338 312 311 
5339 312 311 
5340 312 311 
5340 312 311 
5341 312 311 
5342 312 311 
5342 312 310 
5343 312 311 
5344 312 311 
5345 312 311 
5345 312 311 
5346 312 311 
5347 312 311 
5348 312 311 
5348 312 311 
5349 312 311 
5350 312 311 
5350 312 311 
5351 312 311 
5352 312 311 
5353 312 311 
5353 312 311 
5354 312 311 
5355 312 312 
5355 312 311 
5356 312 311 
5357 312 311 
5358 312 311 
5358 312 311 
5359 312 311 
5360 312 311 
5361 312 311 
5361 312 311 
5362 312 311 
5363 312 313 
5363 312 313 
5364 312 311 
5365 312 311 
5366 312 310 
5366 312 310 
5367 312 310 
5368 312 311 
5368 312 311 
5369 312 311 
5370 312 311 
5371 312 311 
5371 312 311 
5372 312 312 
5373 312 311 
5373 312 311 
5374 312 311 
5375 312 311 
5376 312 311 
5376 312 311 
5377 312 311 
5378 312 311 
5379 312 311 
5379 312 311 
5380 312 310 
5381 312 310 
5381 312 311 
5382 312 311 
5383 312 311 
5384 312 311 
5384 312 311 
5385 312 311 
5386 312 311 
5386 312 311 
5387 312 311 
5388 312 311 
5389 312 312 
5389 312 311 
5390 312 311 
5391 312 311 
5392 312 311 
5392 312 311 
5393 312 311 
5394 312 311 
5394 312 311 
5395 312 311 
5396 312 311 
5397 312 311 
5397 312 311 
5398 312 311 
5399 312 311 
5400 312 311 
5400 312 311 
5401 312 311 
5402 312 310 
5402 312 311 
5403 312 311 
5404 312 311 
5405 312 311 
5405 312 311 
5406 312 312 
5407 312 311 
5407 312 311 
5408 312 311 
5409 312 311 
5410 312 311 
5410 312 311 
5411 312 311 
5412 312 311 
5412 312 311 
5413 312 311 
5414 312 311 
5415 312 311 
5415 312 311 
5416 312 311 
5417 312 311 
5417 312 311 
5418 312 311 
5419 312 311 
5420 312 311 
5420 312 311 
5421 312 311 
5422 312 311 
5423 312 311 
5423 312 311 
5424 312 311 
5425 312 311 
5425 312 311 
5426 312 310 
5427 312 311 
5428 312 311 
5428 312 311 
5429 312 310 
5430 312 310 
5431 312 311 
5431 312 312 
5432 312 311 
5433 312 311 
5433 312 311 
5434 312 311 
5435 312 311 
5436 312 311 
5436 312 311 
5437 312 311 
5438 312 311 
5439 312 311 
5439 312 309 
5440 312 309 
5441 312 311 
5441 312 311 
5442 312 311 
5443 312 311 
5444 312 311 
5444 312 311 
5445 312 311 
5446 312 311 
5447 312 311 
5447 312 311 
5448 312 311 
5449 312 311 
5449 312 311 
5450 312 311 
5451 312 312 
5452 312 311 
5452 312 311 
5453 312 311 
5454 312 311 
5454 312 311 
5455 312 311 
5456 312 310 
5457 312 311 
5457 312 311 
5458 312 311 
5459 312 311 
5459 312 311 
5460 312 311 
5461 312 311 
5462 312 311 
5462 312 311 
5463 312 311 
5464 312 312 
5465 312 312 
5465 312 310 
5466 312 311 
5467 312 311 
5467 312 311 
5468 312 311 
5469 312 311 
5470 312 311 
5470 312 311 
5471 312 311 
5472 312 311 
5472 312 311 
5473 312 311 
5474 312 311 
5475 312 311 
5475 312 311 
5476 312 310 
5477 312 310 
5478 312 311 
5478 312 311 
5479 312 311 
5480 312 311 
5480 312 312 
5481 312 311 
5482 312 311 
5483 312 311 
5483 312 311 
5484 312 311 
5485 312 311 
5486 312 311 
5486 312 311 
5487 312 311 
5488 312 311 
5488 312 310 
5489 312 310 
5490 312 311 
5491 312 311 
5491 312 311 
5492 312 311 
5493 312 311 
5494 312 309 
5494 312 309 
5495 312 311 
5496 312 311 
5496 312 311 
5497 312 311 
5498 312 312 
5499 312 311 
5499 312 311 
5500 312 311 
5501 312 311 
5501 312 311 
5502 312 309 
5503 312 311 
5504 312 311 
5504 312 311 
5505 312 311 
5506 312 311 
5506 312 311 
5507 312 311 
5508 312 311 
5509 312 311 
5509 312 311 
5510 312 311 
5511 312 311 
5511 312 311 
5512 312 311 
5513 312 311 
5514 312 311 
5514 312 311 
5515 312 311 
5516 312 311 
5517 312 311 
5517 312 311 
5518 312 311 
5519 312 311 
5520 312 311 
5520 312 310 
5521 312 310 
5522 312 311 
5522 312 311 
5523 312 311 
5524 312 311 
5525 312 311 
5525 312 311 
5526 312 311 
5527 312 311 
5528 312 311 
5528 312 311 
5529 312 311 
5530 312 311 
5530 312 311 
5531 312 311 
5532 312 311 
5533 312 311 
5533 312 311 
5534 312 311 
5535 312 311 
5536 312 311 
5536 312 311 
5537 312 311 
5538 312 311 
5538 312 311 
5539 312 311 
5540 312 312 
5541 312 311 
5541 312 311 
5542 312 310 
5543 312 311 
5543 312 311 
5544 312 312 
5545 312 311 
5546 312 311 
5546 312 311 
5547 312 310 
5548 312 311 
5548 312 311 
5549 312 311 
5550 312 311 
5551 312 311 
5551 312 311 
5552 312 311 
5553 312 311 
5554 312 311 
5554 312 311 
5555 312 311 
5556 312 311 
5556 312 311 
5557 312 311 
5558 312 311 
5559 312 311 
5559 312 311 
5560 312 311 
5561 312 311 
5561 312 311 
5562 312 310 
5563 312 310 
5564 312 311 
5564 312 311 
5565 312 311 
5566 312 311 
5567 312 311 
5567 312 311 
5568 312 311 
5569 312 311 
5569 312 311 
5570 312 311 
5571 312 311 
5572 312 311 
5572 312 311 
5573 312 311 
5574 312 311 
5575 312 311 
5575 312 311 
5576 312 311 
5577 312 311 
5577 312 311 
5578 312 311 
5579 312 311 
5580 312 311 
5580 312 311 
5581 312 312 
5582 312 311 
5583 312 311 
5583 312 311 
5584 312 312 
5585 312 311 
5585 312 311 
5586 312 311 
5587 312 311 
5588 312 311 
5588 312 311 
5589 312 313 
5590 312 311 
5590 312 311 
5591 312 311 
5592 312 311 
5592 312 311 
5593 312 311 
5594 312 311 
5595 312 311 
5595 312 311 
5596 312 311 
5597 312 311 
5598 312 311 
5598 312 311 
5599 312 311 
5600 312 311 
5600 312 311 
5601 312 312 
5602 312 311 
5603 312 311 
5603 312 311 
5604 312 311 
5605 312 311 
5606 312 311 
5606 312 311 
5607 312 311 
5608 312 311 
5608 312 311 
5609 312 311 
5610 312 311 
5611 312 311 
5611 312 311 
5612 312 311 
5613 312 311 
5614 312 311 
5614 312 311 
5615 312 311 
5616 312 311 
5616 312 311 
5617 312 311 
5618 312 311 
5619 312 311 
5619 312 311 
5620 312 311 
5621 312 311 
5622 312 311 
5622 312 311 
5623 312 311 
5624 312 311 
5624 312 311 
5625 312 311 
5626 312 310 
5627 312 311 
5627 312 311 
5628 312 311 
5629 312 311 
5630 312 311 
5630 312 311 
5631 312 311 
5632 312 311 
5632 312 311 
5633 312 311 
5634 312 311 
5635 312 311 
5635 312 311 
5636 312 311 
5637 312 311 
5637 312 311 
5638 312 311 
5639 312 312 
5639 312 312 
5640 312 311 
5641 312 311 
5642 312 310 
5642 312 310 
5643 312 311 
5644 312 311 
5645 312 311 
5645 312 311 
5646 312 311 
5647 312 311 
5647 312 311 
5648 312 311 
5649 312 311 
5650 312 311 
5650 312 311 
5651 312 311 
5652 312 311 
5653 312 311 
5653 312 311 
5654 312 311 
5655 312 311 
5655 312 311 
5656 312 311 
5657 312 311 
5658 312 311 
5658 312 311 
5659 312 311 
5660 312 311 
5661 312 311 
5661 312 311 
5662 312 311 
5663 312 311 
5663 312 312 
5664 312 312 
5665 312 311 
5666 312 311 
5667 712 311 
5667 712 311 
5668 712 311 
5669 712 311 
5670 712 311 
5670 712 311 
5671 712 311 
5672 712 311 
5673 712 311 
5673 712 311 
5674 712 312 
5675 712 312 
5676 712 313 
5676 712 313 
5677 712 314 
5678 712 315 
5679 712 318 
5679 712 318 
5680 712 318 
5681 712 319 
5682 712 319 
5682 712 321 
5683 712 322 
5684 712 323 
5684 712 323 
5685 712 324 
5686 712 326 
5687 712 328 
5687 712 328 
5688 712 329 
5689 712 331 
5690 712 331 
5690 712 332 
5691 712 334 
5692 712 334 
5693 712 334 
5693 712 336 
5694 712 340 
5695 712 341 
5696 712 341 
5696 712 343 
5697 712 345 
5698 712 348 
5699 712 348 
5699 712 349 
5700 712 351 
5701 712 351 
5702 712 353 
5702 712 354 
5703 712 356 
5704 712 356 
5705 712 359 
5705 712 360 
5706 712 363 
5707 712 363 
5708 712 364 
5708 712 366 
5709 712 366 
5710 712 369 
5711 712 371 
5711 712 372 
5712 712 372 
5713 712 374 
5714 712 376 
5714 712 379 
5715 712 379 
5716 712 381 
5717 712 383 
5717 712 384 
5718 712 384 
5719 712 386 
5720 712 390 
5720 712 390 
5721 712 391 
5722 712 392 
5723 712 395 
5723 712 395 
5724 712 396 
5725 712 400 
5726 712 401 
5726 712 401 
5727 712 403 
5728 712 405 
5728 712 405 
5729 712 408 
5730 712 412 
5731 712 410 
5731 712 410 
5732 712 414 
5733 712 416 
5734 712 419 
5734 712 419 
5735 712 422 
5736 712 422 
5737 712 422 
5737 712 423 
5738 712 426 
5739 712 426 
5740 712 426 
5740 712 431 
5741 712 432 
5742 712 434 
5743 712 434 
5744 712 436 
5744 712 439 
5745 712 441 
5746 712 441 
5747 712 443 
5747 712 444 
5748 712 444 
5749 712 447 
5749 712 449 
5750 712 451 
5751 712 451 
5752 712 453 
5752 712 453 
5753 712 458 
5754 712 458 
5755 712 459 
5756 712 461 
5756 712 461 
5757 712 463 
5758 712 465 
5758 712 468 
5759 712 468 
5760 712 470 
5761 712 472 
5761 712 473 
5762 712 473 
5763 712 474 
5764 712 478 
5764 712 478 
5765 712 480 
5766 712 482 
5767 712 484 
5767 712 484 
5768 712 487 
5769 712 489 
5770 712 490 
5770 712 490 
5771 712 493 
5772 712 493 
5773 712 493 
5773 712 497 
5774 712 498 
5775 712 501 
5775 712 501 
5776 712 502 
5777 712 504 
5778 712 508 
5779 712 508 
5779 712 510 
5780 712 511 
5781 712 511 
5782 712 512 
5782 712 515 
5783 712 518 
5784 712 518 
5784 712 520 
5785 712 522 
5786 712 524 
5787 712 524 
5787 712 526 
5788 712 528 
5789 712 528 
5790 712 531 
5790 712 533 
5791 712 535 
5792 712 535 
5793 712 536 
5793 712 539 
5794 712 541 
5795 712 541 
5796 712 543 
5796 712 546 
5797 712 548 
5798 712 548 
5799 712 549 
5799 712 551 
5800 712 551 
5801 712 555 
5802 712 556 
5802 712 558 
5803 712 558 
5804 712 560 
5805 712 562 
5805 712 564 
5806 712 564 
5807 712 567 
5808 712 569 
5808 712 569 
5809 712 570 
5810 712 571 
5811 712 574 
5811 712 574 
5812 712 576 
5813 712 580 
5814 712 581 
5814 712 581 
5815 712 583 
5816 712 585 
5816 712 585 
5817 712 587 
5818 712 588 
5819 712 594 
5819 712 594 
5820 712 593 
5821 712 595 
5822 712 597 
5822 712 597 
5823 712 599 
5824 712 600 
5825 712 602 
5826 712 602 
5826 712 606 
5827 712 608 
5828 712 608 
5829 712 610 
5829 712 609 
5830 712 612 
5831 712 612 
5831 712 617 
5832 712 618 
5833 712 620 
5834 712 620 
5835 712 622 
5835 712 624 
5836 712 624 
5837 712 625 
5837 712 629 
5838 712 630 
5839 712 630 
5840 712 633 
5840 712 634 
5841 712 637 
5842 712 637 
5843 712 639 
5844 712 642 
5844 712 644 
5845 712 644 
5846 712 646 
5846 712 647 
5847 712 647 
5848 712 646 
5849 712 651 
5849 712 654 
5850 712 654 
5851 712 655 
5852 712 658 
5852 712 659 
5853 712 659 
5854 712 661 
5855 712 662 
5855 712 662 
5856 712 666 
5857 712 667 
5858 712 669 
5858 712 669 
5859 712 671 
5860 712 673 
5861 712 674 
5861 712 674 
5862 712 676 
5863 712 679 
5863 712 679 
5864 712 681 
5865 712 682 
5866 712 683 
5866 712 683 
5867 712 684 
5868 712 685 
5869 712 687 
5870 712 687 
5870 712 688 
5871 712 689 
5872 712 689 
5872 712 691 
5873 712 692 
5874 712 693 
5875 712 693 
5875 712 694 
5876 712 695 
5877 712 698 
5878 712 698 
5879 712 697 
5879 712 698 
5880 712 698 
5881 712 698 
5881 712 699 
5882 712 700 
5883 712 700 
5884 712 701 
5884 712 704 
5885 712 701 
5886 712 701 
5887 712 704 
5887 712 705 
5888 712 705 
5889 712 705 
5890 712 705 
5891 712 706 
5891 712 706 
5892 712 706 
5893 712 706 
5893 712 707 
5894 712 707 
5895 712 707 
5896 712 707 
5897 712 708 
5897 712 708 
5898 712 708 
5899 712 708 
5900 712 708 
5900 712 709 
5901 712 709 
5902 712 709 
5902 712 709 
5903 712 708 
5904 712 710 
5905 712 710 
5905 712 710 
5906 712 710 
5907 712 710 
5908 712 710 
5908 712 711 
5909 712 711 
5910 712 711 
5910 712 711 
5911 712 711 
5912 712 711 
5913 712 710 
5914 712 710 
5914 712 711 
5915 712 711 
5916 712 711 
5917 712 711 
5917 712 711 
5918 712 711 
5919 712 711 
5919 712 711 
5920 712 711 
5921 712 711 
5922 712 712 
5922 712 711 
5923 712 711 
5924 712 711 
5925 712 711 
5925 712 711 
5926 712 711 
5927 712 711 
5928 712 711 
5928 712 711 
5929 712 711 
5930 712 711 
5931 712 711 
5931 712 711 
5932 712 711 
5933 712 711 
5933 712 711 
5934 712 711 
5935 712 711 
5936 712 711 
5936 712 711 
5937 712 711 
5938 712 711 
5939 712 712 
5939 712 712 
5940 712 711 
5941 712 711 
5942 712 711 
5942 712 711 
5943 712 711 
5944 712 711 
5945 712 711 
5945 712 711 
5946 712 711 
5947 712 711 
5947 712 711 
5948 712 711 
5949 712 711 
5950 712 711 
5950 712 711 
5951 712 711 
5952 712 711 
5952 712 711 
5953 712 711 
5954 712 711 
5955 712 711 
5955 712 711 
5956 712 711 
5957 712 711 
5958 712 711 
5958 712 711 
5959 712 711 
5960 712 711 
5961 712 711 
5961 712 711 
5962 712 711 
5963 712 711 
5963 712 711 
5964 712 711 
5965 712 711 
5966 712 711 
5966 712 711 
5967 712 711 
5968 712 711 
5969 712 711 
5969 712 711 
5970 712 711 
5971 712 711 
5972 712 711 
5972 712 712 
5973 712 712 
5974 712 710 
5975 712 711 
5975 712 711 
5976 712 711 
5977 712 711 
5978 712 711 
5978 712 711 
5979 712 711 
5980 712 711 
5981 712 711 
5981 712 711 
5982 712 711 
5983 712 711 
5983 712 711 
5984 712 711 
5985 712 711 
5986 712 710 
5987 712 711 
5987 712 711 
5988 712 711 
5989 712 711 
5989 712 711 
5990 712 711 
5991 712 711 
5992 712 711 
5992 712 711 
5993 712 711 
5994 712 711 
5994 712 711 
5995 712 711 
5996 712 711 
5997 712 712 
5997 712 712 
5998 712 711 
5999 712 711 
6000 712 711 
6000 712 711 
6001 712 711 
6002 712 713 
6003 712 713 
6003 712 711 
6004 712 711 
6005 712 711 
6005 712 711 
6006 712 711 
6007 712 712 
6008 712 712 
6008 712 711 
6009 712 711 
6010 712 711 
6011 712 711 
6011 712 711 
6012 712 711 
6013 712 711 
6014 712 711 
6014 712 711 
6015 712 711 
6016 712 711 
6017 712 711 
6017 712 711 
6018 712 711 
6019 712 711 
6020 712 711 
6020 712 711 
6021 712 711 
6022 712 711 
6023 712 711 
6023 712 713 
6024 712 713 
6025 712 711 
6026 712 711 
6026 712 711 
6027 712 711 
6028 712 711 
6028 712 711 
6029 712 711 
6030 712 711 
6031 712 711 
6032 712 711 
6032 712 711 
6033 712 709 
6034 712 711 
6035 712 711 
6035 712 711 
6036 712 710 
6037 712 711 
6037 712 711 
6038 712 711 
6039 712 710 
6040 712 711 
6040 712 711 
6041 712 711 
6042 712 709 
6042 712 709 
6043 712 711 
6044 712 711 
6045 712 711 
6045 712 711 
6046 712 711 
6047 712 711 
6048 712 711 
6048 712 711 
6049 712 711 
6050 712 711 
6051 712 711 
6051 712 711 
6052 712 711 
6053 712 711 
6054 712 711 
6054 712 711 
6055 712 712 
6056 712 712 
6057 712 712 
6057 712 711 
6058 712 711 
6059 712 711 
6060 712 711 
6060 712 711 
6061 712 710 
6062 712 710 
6062 712 711 
6063 712 711 
6064 712 711 
6065 712 711 
6065 712 711 
6066 712 711 
6067 712 711 
6068 712 711 
6068 712 711 
6069 712 711 
6070 712 711 
6071 712 711 
6071 712 711 
6072 712 711 
6073 712 711 
6073 712 710 
6074 712 710 
6075 712 711 
6076 712 711 
6076 712 711 
6077 712 711 
6078 712 711 
6079 712 711 
6079 712 711 
6080 712 711 
6081 712 711 
6082 712 711 
6082 712 711 
6083 712 711 
6084 712 711 
6084 712 711 
6085 712 711 
6086 712 711 
6087 712 711 
6087 712 711 
6088 712 711 
6089 712 711 
6090 712 711 
6090 712 711 
6091 712 710 
6092 712 711 
6093 712 711 
6093 712 711 
6094 712 711 
6095 712 711 
6096 712 711 
6096 712 711 
6097 712 712 
6098 712 711 
6099 712 711 
6099 712 713 
6100 712 711 
6101 712 711 
6102 712 711 
6102 712 711 
6103 712 711 
6104 712 711 
6105 712 711 
6105 712 711 
6106 712 711 
6107 712 711 
6108 712 711 
6108 712 711 
6109 712 711 
6110 712 711 
6111 712 711 
6111 712 711 
6112 712 711 
6113 712 711 
6114 712 711 
6114 712 711 
6115 712 711 
6116 712 711 
6117 712 711 
6117 712 711 
6118 712 711 
6119 712 711 
6120 712 711 
6120 712 711 
6121 712 711 
6122 712 711 
6123 712 712 
6123 712 712 
6124 712 711 
6125 712 712 
6125 712 712 
6126 712 711 
6127 712 711 
6128 712 711 
6128 712 711 
6129 712 711 
6130 712 711 
6130 712 711 
6131 712 711 
6132 712 711 
6133 712 711 
6133 712 711 
6134 712 711 
6135 712 711 
6136 712 711 
6136 712 711 
6137 712 711 
6138 712 711 
6139 712 711 
6139 712 711 
6140 712 712 
6141 712 711 
6142 712 711 
6142 712 711 
6143 712 711 
6144 712 711 
6144 712 711 
6145 712 711 
6146 712 712 
6147 712 712 
6147 712 711 
6148 712 711 
6149 712 711 
6150 712 711 
6150 712 711 
6151 712 711 
6152 712 711 
6153 712 711 
6153 712 711 
6154 712 711 
6155 712 711 
6156 712 711 
6156 712 711 
6157 712 711 
6158 712 711 
6159 712 711 
6159 712 711 
6160 712 711 
6161 712 711 
6161 712 711 
6162 712 711 
6163 712 711 
6164 712 711 
6164 712 712 
6165 712 712 
6166 712 711 
6167 712 711 
6167 712 711 
6168 712 711 
6169 712 711 
6170 712 711 
6170 712 711 
6171 712 711 
6172 712 711 
6172 712 711 
6173 712 711 
6174 712 711 
6175 712 711 
6175 712 711 
6176 712 711 
6177 712 711 
6178 712 711 
6178 712 711 
6179 712 711 
6180 712 711 
6180 712 711 
6181 712 711 
6182 712 711 
6183 712 711 
6183 712 711 
6184 712 711 
6185 712 711 
6186 712 711 
6186 712 711 
6187 712 711 
6188 712 711 
6189 712 711 
6189 712 711 
6190 712 711 
6191 712 711 
6192 712 713 
6192 712 711 
6193 712 711 
6194 712 711 
6195 712 711 
6195 712 711 
6196 712 711 
6197 712 711 
6198 712 711 
6198 712 711 
6199 712 711 
6200 712 711 
6201 712 711 
6201 712 711 
6202 712 711 
6203 712 711 
6204 712 711 
6204 712 711 
6205 712 711 
6206 712 711 
6206 712 711 
6207 712 711 
6208 712 711 
6209 712 711 
6209 712 711 
6210 712 711 
6211 712 711 
6212 712 711 
6212 712 711 
6213 712 711 
6214 712 711 
6215 712 710 
6215 712 710 
6216 712 711 
6217 712 711 
6218 712 711 
6218 712 711 
6219 712 711 
6220 712 711 
6221 712 711 
6221 712 711 
6222 712 711 
6223 712 711 
6223 712 711 
6224 712 711 
6225 712 711 
6226 712 711 
6226 712 711 
6227 712 711 
6228 712 711 
6229 712 711 
6229 712 711 
6230 712 711 
6231 712 711 
6232 712 711 
6232 712 711 
6233 712 711 
6234 712 711 
6234 712 711 
6235 712 712 
6236 712 711 
6237 712 711 
6238 712 711 
6238 712 711 
6239 712 711 
6240 712 711 
6240 712 711 
6241 712 711 
6242 712 711 
6243 712 711 
6243 712 711 
6244 712 711 
6245 712 711 
6246 712 711 
6246 712 711 
6247 712 711 
6248 712 711 
6249 712 711 
6249 712 711 
6250 712 711 
6251 712 711 
6252 712 711 
6252 712 711 
6253 712 711 
6254 712 711 
6255 712 712 
6255 712 712 
6256 712 712 
6257 712 711 
6258 712 711 
6258 712 711 
6259 712 711 
6260 712 710 
6261 712 710 
6261 712 711 
6262 712 711 
6263 712 712 
6263 712 712 
6264 712 711 
6265 712 711 
6266 712 711 
6266 712 711 
6267 712 711 
6268 712 711 
6268 712 711 
6269 712 711 
6270 712 711 
6271 712 711 
6271 712 711 
6272 712 711 
6273 712 711 
6274 712 711 
6274 712 711 
6275 712 711 
6276 712 711 
6277 712 711 
6277 712 711 
6278 712 711 
6279 712 711 
6280 712 711 
6280 712 711 
6281 712 711 
6282 712 711 
6283 712 711 
6283 712 711 
6284 712 711 
6285 712 711 
6286 712 711 
6286 712 711 
6287 712 711 
6288 712 709 
6289 712 711 
6289 712 710 
6290 712 710 
6291 712 711 
6292 712 711 
6292 712 710 
6293 712 710 
6294 712 711 
6294 712 711 
6295 712 711 
6296 712 709 
6297 712 711 
6297 712 711 
6298 712 711 
6299 712 711 
6300 712 711 
6300 712 711 
6301 712 711 
6302 712 711 
6303 712 711 
6303 712 711 
6304 712 711 
6305 712 711 
6305 712 711 
6306 712 710 
6307 712 711 
6308 712 711 
6308 712 711 
6309 712 711 
6310 712 711 
6311 712 710 
6311 712 710 
6312 712 711 
6313 712 711 
6313 712 711 
6314 712 711 
6315 712 711 
6316 712 711 
6316 712 711 
6317 712 711 
6318 712 711 
6319 712 711 
6319 712 711 
6320 712 711 
6321 312 711 
6322 312 711 
6323 312 711 
6323 312 712 
6324 312 711 
6325 312 711 
6326 312 711 
6327 312 711 
6327 312 711 
6328 312 710 
6329 312 710 
6330 312 709 
6330 312 709 
6331 312 708 
6332 312 708 
6333 312 707 
6333 312 706 
6334 312 706 
6335 312 705 
6336 312 703 
6336 312 701 
6337 312 701 
6338 312 700 
6339 312 698 
6339 312 697 
6340 312 697 
6341 312 696 
6341 312 695 
6342 312 695 
6343 312 693 
6344 312 692 
6344 312 689 
6345 312 689 
6346 312 688 
6347 312 686 
6347 312 684 
6348 312 684 
6349 312 683 
6350 312 682 
6350 312 682 
6351 312 679 
6352 312 676 
6353 312 675 
6353 312 675 
6354 312 673 
6355 312 671 
6356 312 670 
6356 312 670 
6357 312 668 
6358 312 666 
6359 312 666 
6359 312 664 
6360 312 663 
6361 312 660 
6362 312 660 
6362 312 658 
6363 312 656 
6364 312 655 
6365 312 655 
6365 312 652 
6366 312 650 
6367 312 650 
6367 312 648 
6368 312 647 
6369 312 644 
6370 312 644 
6370 312 643 
6371 312 641 
6372 312 637 
6373 312 637 
6374 312 636 
6374 312 634 
6375 312 634 
6376 312 633 
6376 312 630 
6377 312 627 
6378 312 627 
6379 312 626 
6379 312 623 
6380 312 621 
6381 312 621 
6382 312 620 
6383 312 618 
6383 312 615 
6384 312 615 
6385 312 613 
6385 312 611 
6386 312 611 
6387 312 610 
6388 312 607 
6388 312 606 
6389 312 606 
6390 312 604 
6391 312 600 
6391 312 599 
6392 312 599 
6393 312 597 
6394 312 596 
6394 312 596 
6395 312 593 
6396 312 592 
6397 312 589 
6397 312 589 
6398 312 587 
6399 312 585 
6400 312 583 
6400 312 583 
6401 312 582 
6402 312 580 
6403 312 580 
6403 312 577 
6404 312 575 
6405 312 572 
6406 312 572 
6406 312 570 
6407 312 569 
6408 312 568 
6409 312 568 
6409 312 564 
6410 312 562 
6411 312 562 
6412 312 560 
6412 312 559 
6413 312 556 
6414 312 556 
6414 312 555 
6415 312 552 
6416 312 549 
6417 312 549 
6417 312 548 
6418 312 546 
6419 312 546 
6420 312 544 
6420 312 541 
6421 312 540 
6422 312 540 
6423 312 537 
6423 312 535 
6424 312 533 
6425 312 533 
6426 312 531 
6426 312 528 
6427 312 526 
6428 312 526 
6429 312 524 
6429 312 523 
6430 312 523 
6431 312 521 
6432 312 518 
6432 312 515 
6433 312 515 
6434 312 514 
6435 312 511 
6435 312 510 
6436 312 510 
6437 312 508 
6438 312 505 
6438 312 505 
6439 312 502 
6440 312 501 
6441 312 499 
6441 312 499 
6442 312 497 
6443 312 494 
6444 312 493 
6444 312 493 
6445 312 491 
6446 312 488 
6447 312 488 
6447 312 487 
6448 312 484 
6449 312 482 
6450 312 482 
6450 312 480 
6451 312 478 
6452 312 477 
6453 312 477 
6453 312 473 
6454 312 472 
6455 312 472 
6456 312 470 
6456 312 468 
6457 312 465 
6458 312 465 
6458 312 463 
6459 312 462 
6460 312 459 
6461 312 459 
6461 312 457 
6462 312 455 
6463 312 455 
6464 312 454 
6464 312 452 
6465 312 449 
6466 312 449 
6467 312 448 
6467 312 444 
6468 312 443 
6469 312 443 
6470 312 441 
6470 312 439 
6471 312 439 
6472 312 436 
6473 312 434 
6473 312 433 
6474 312 433 
6475 312 431 
6476 312 428 
6476 312 426 
6477 312 426 
6478 312 424 
6479 312 422 
6479 312 422 
6480 312 420 
6481 312 419 
6482 312 416 
6482 312 416 
6483 312 414 
6484 312 412 
6485 312 410 
6485 312 410 
6486 312 408 
6487 312 405 
6488 312 403 
6488 312 403 
6489 312 401 
6490 312 399 
6490 312 399 
6491 312 396 
6492 312 395 
6493 312 392 
6493 312 392 
6494 312 391 
6495 312 389 
6496 312 386 
6496 312 386 
6497 312 384 
6498 312 382 
6499 312 382 
6499 312 381 
6500 312 379 
6501 312 375 
6502 312 375 
6502 312 374 
6503 312 372 
6504 312 370 
6505 312 370 
6505 312 368 
6506 312 365 
6507 312 365 
6508 312 364 
6508 312 361 
6509 312 360 
6510 312 360 
6511 312 358 
6511 312 355 
6512 312 353 
6513 312 353 
6514 312 351 
6514 312 350 
6515 312 350 
6516 312 348 
6517 312 346 
6517 312 345 
6518 312 345 
6519 312 343 
6520 312 341 
6520 312 340 
6521 312 340 
6522 312 339 
6523 312 336 
6523 312 336 
6524 312 335 
6525 312 335 
6526 312 335 
6526 312 335 
6527 312 332 
6528 312 331 
6529 312 331 
6529 312 331 
6530 312 329 
6531 312 328 
6531 312 328 
6532 312 328 
6533 312 326 
6534 312 325 
6534 312 325 
6535 312 323 
6536 312 324 
6537 312 323 
6537 312 323 
6538 312 324 
6539 312 322 
6540 312 322 
6540 312 321 
6541 312 320 
6542 312 320 
6543 312 320 
6543 312 319 
6544 312 319 
6545 312 318 
6546 312 318 
6546 312 318 
6547 312 318 
6548 312 318 
6548 312 316 
6549 312 315 
6550 312 315 
6551 312 315 
6551 312 315 
6552 312 314 
6553 312 314 
6554 312 314 
6554 312 313 
6555 312 313 
6556 312 313 
6557 312 313 
6557 312 313 
6558 312 313 
6559 312 313 
6559 312 312 
6560 312 311 
6561 312 311 
6562 312 312 
6562 312 312 
6563 312 312 
6564 312 312 
6565 312 313 
6565 312 313 
6566 312 312 
6567 312 311 
6567 312 311 
6568 312 311 
6569 312 311 
6570 312 311 
6570 312 311 
6571 312 311 
6572 312 311 
6573 312 311 
6573 312 311 
6574 312 311 
6575 312 311 
6575 312 311 
6576 312 311 
6577 312 311 
6578 312 311 
6578 312 311 
6579 312 311 
6580 312 311 
6580 312 311 
6581 312 311 
6582 312 310 
6583 312 310 
6583 312 311 
6584 312 311 
6585 312 311 
6586 312 311 
6586 312 311 
6587 312 311 
6588 312 311 
6588 312 311 
6589 312 310 
6590 312 311 
6591 312 311 
6591 312 311 
6592 312 311 
6593 312 311 
6593 312 311 
6594 312 311 
6595 312 311 
6596 312 311 
6596 312 311 
6597 312 310 
6598 312 310 
6599 312 311 
6599 312 311 
6600 312 311 
6601 312 311 
6601 312 311 
6602 312 311 
6603 312 311 
6604 312 311 
6604 312 311 
6605 312 311 
6606 312 311 
6606 312 311 
6607 312 311 
6608 312 311 
6609 312 311 
6609 312 311 
6610 312 311 
6611 312 311 
6612 312 311 
6612 312 311 
6613 312 309 
6614 312 311 
6614 312 311 
6615 312 311 
6616 312 311 
6617 312 311 
6617 312 311 
6618 312 311 
6619 312 312 
6620 312 311 
6620 312 311 
6621 312 311 
6622 312 311 
6622 312 311 
6623 312 311 
6624 312 311 
6625 312 311 
6625 312 311 
6626 312 311 
6627 312 311 
6627 312 311 
6628 312 311 
6629 312 311 
6630 312 311 
6630 312 311 
6631 312 311 
6632 312 311 
6633 312 311 
6633 312 311 
6634 312 311 
6635 312 311 
6635 312 311 
6636 312 311 
6637 312 311 
6638 312 311 
6638 312 311 
6639 312 310 
6640 312 310 
6640 312 311 
6641 312 312 
6642 312 312 
6643 312 311 
6643 312 311 
6644 312 311 
6645 312 311 
6646 312 311 
6646 312 311 
6647 312 311 
6648 312 311 
6648 312 311 
6649 312 311 
6650 312 311 
6651 312 311 
6651 312 311 
6652 312 311 
6653 312 311 
6654 312 311 
6654 312 311 
6655 312 311 
6656 312 311 
6656 312 311 
6657 312 311 
6658 312 311 
6659 312 311 
6659 312 311 
6660 312 309 
6661 312 311 
6662 312 311 
6662 312 311 
6663 312 311 
6664 312 311 
6664 312 311 
6665 312 311 
6666 312 311 
6667 312 311 
6667 312 311 
6668 312 312 
6669 312 311 
6669 312 311 
6670 312 311 
6671 312 311 
6672 312 311 
6672 312 310 
6673 312 311 
6674 312 311 
6674 312 311 
6675 312 311 
6676 312 310 
6677 312 310 
6677 312 311 
6678 312 311 
6679 312 311 
6680 312 311 
6680 312 311 
6681 312 311 
6682 312 311 
6682 312 311 
6683 312 312 
6684 312 312 
6685 312 311 
6685 312 311 
6686 312 311 
6687 312 311 
6688 312 311 
6688 312 311 
6689 312 311 
6690 312 312 
6690 312 311 
6691 312 311 
6692 312 311 
6693 312 311 
6693 312 311 
6694 312 311 
6695 312 311 
6696 312 311 
6696 312 311 
6697 312 311 
6698 312 311 
6699 312 311 
6699 312 311 
6700 312 311 
6701 312 311 
6701 312 311 
6702 312 311 
6703 312 311 
6704 312 311 
6704 312 311 
6705 312 311 
6706 312 311 
6706 312 311 
6707 312 311 
6708 312 311 
6709 312 311 
6709 312 311 
6710 312 311 
6711 312 311 
6711 312 311 
6712 312 311 
6713 312 311 
6714 312 311 
6714 312 311 
6715 312 311 
6716 312 311 
6717 312 311 
6717 312 311 
6718 312 311 
6719 312 311 
6719 312 311 
6720 312 311 
6721 312 311 
6722 312 311 
6722 312 311 
6723 312 311 
6724 312 311 
6724 312 311 
6725 312 311 
6726 312 312 
6727 312 312 
6727 312 311 
6728 312 311 
6729 312 311 
6730 312 310 
6730 312 311 
6731 312 311 
6732 312 311 
6733 312 311 
6733 312 311 
6734 312 311 
6735 312 311 
6735 312 311 
6736 312 310 
6737 312 310 
6738 312 311 
6738 312 311 
6739 312 311 
6740 312 310 
6740 312 311 
6741 312 311 
6742 312 311 
6743 312 310 
6743 312 311 
6744 312 311 
6745 312 311 
6746 312 311 
6746 312 311 
6747 312 311 
6748 312 311 
6748 312 311 
6749 312 311 
6750 312 311 
6751 312 311 
6751 312 311 
6752 312 311 
6753 312 311 
6754 312 311 
6754 312 310 
6755 312 310 
6756 312 312 
6756 312 312 
6757 312 311 
6758 312 311 
6758 312 311 
6759 312 311 
6760 312 311 
6761 312 311 
6761 312 311 
6762 312 311 
6763 312 311 
6763 312 311 
6764 312 311 
6765 312 311 
6766 312 311 
6766 312 311 
6767 312 310 
6768 312 311 
6769 312 311 
6769 312 311 
6770 312 311 
6771 312 311 
6771 312 311 
6772 312 310 
6773 312 311 
6774 312 311 
6774 312 311 
6775 312 311 
6776 312 311 
6777 312 311 
6777 312 311 
6778 312 311 
6779 312 311 
6779 312 311 
6780 312 311 
6781 312 311 
6782 312 311 
6782 312 311 
6783 312 311 
6784 312 310 
6785 312 311 
6785 312 311 
6786 312 311 
6787 312 311 
6787 312 311 
6788 312 311 
6789 312 309 
6790 312 311 
6790 312 311 
6791 312 311 
6792 312 311 
6792 312 311 
6793 312 311 
6794 312 311 
6795 312 310 
6795 312 310 
6796 312 311 
6797 312 311 
6798 312 311 
6798 312 311 
6799 312 312 
6800 312 311 
6800 312 311 
6801 312 310 
6802 312 311 
6803 312 311 
6803 312 311 
6804 312 311 
6805 312 311 
6805 312 311 
6806 312 311 
6807 312 311 
6808 312 311 
6808 312 311 
6809 312 311 
6810 312 311 
6810 312 311 
6811 312 311 
6812 312 311 
6813 312 311 
6813 312 311 
6814 312 311 
6815 312 311 
6816 312 311 
6816 312 311 
6817 312 311 
6818 312 311 
6818 312 311 
6819 312 311 
6820 312 311 
6821 312 311 
6821 312 311 
6822 312 311 
6823 312 311 
6823 312 311 
6824 312 311 
6825 312 311 
6826 312 311 
6826 312 311 
6827 312 311 
6828 312 311 
6829 312 311 
6829 312 311 
6830 312 311 
6831 312 311 
6831 312 311 
6832 312 311 
6833 312 311 
6834 312 311 
6834 312 311 
6835 312 311 
6836 312 311 
6836 312 311 
6837 312 311 
6838 312 311 
6839 312 311 
6839 312 311 
6840 312 309 
6841 312 311 
6842 312 311 
6842 312 311 
6843 312 310 
6844 312 311 
6844 312 311 
6845 312 311 
6846 312 311 
6847 312 311 
6847 312 311 
6848 312 311 
6849 312 311 
6849 312 311 
6850 312 311 
6851 312 311 
6852 312 311 
6852 312 311 
6853 312 311 
6854 312 311 
6854 312 311 
6855 312 311 
6856 312 311 
6857 312 311 
6857 312 311 
6858 312 311 
6859 312 311 
6860 312 311 
6860 312 311 
6861 312 311 
6862 312 311 
6862 312 311 
6863 312 311 
6864 312 311 
6865 312 311 
6865 312 311 
6866 312 311 
6867 312 311 
6868 312 310 
6868 312 311 
6869 312 311 
6870 312 311 
6871 312 311 
6871 312 311 
6872 312 311 
6873 312 312 
6873 312 311 
6874 312 311 
6875 312 311 
6876 312 310 
6876 312 309 
6877 312 309 
6878 312 311 
6879 312 311 
6879 312 311 
6880 312 311 
6881 312 311 
6881 312 311 
6882 312 311 
6883 312 311 
6884 312 311 
6884 312 311 
6885 312 310 
6886 312 311 
6887 312 311 
6887 312 311 
6888 312 310 
6889 312 311 
6889 312 311 
6890 312 311 
6891 312 311 
6892 312 311 
6892 312 311 
6893 312 311 
6894 312 311 
6894 312 311 
6895 312 311 
6896 312 311 
6897 312 311 
6897 312 311 
6898 312 311 
6899 312 311 
6899 312 311 
6900 312 311 
6901 312 311 
6902 312 311 
6902 312 311 
6903 312 311 
6904 312 311 
6904 312 311 
6905 312 311 
6906 312 311 
6907 312 311 
6907 312 311 
6908 312 311 
6909 312 311 
6910 312 311 
6910 312 311 
6911 312 311 
6912 312 311 
6913 312 311 
6913 312 311 
6914 312 311 
6915 312 311 
6915 312 311 
6916 312 311 
6917 312 311 
6918 312 311 
6918 312 311 
6919 312 311 
6920 312 311 
6921 312 311 
6921 312 311 
6922 312 311 
6923 312 311 
6923 312 311 
6924 312 311 
6925 312 311 
6926 312 311 
6926 312 311 
6927 312 309 
6928 312 311 
6928 312 311 
6929 312 311 
6930 312 311 
6931 312 309 
6931 312 309 
6932 312 311 
6933 312 309 
6934 312 311 
6934 312 311 
6935 312 311 
6936 312 311 
6936 312 311 
6937 312 311 
6938 312 311 
6939 312 311 
6939 312 311 
6940 312 311 
6941 312 310 
6941 312 310 
6942 312 311 
6943 312 310 
6944 312 310 
6944 312 311 
6945 312 311 
6946 312 311 
6946 312 311 
6947 312 312 
6948 312 311 
6949 312 311 
6949 312 311 
6950 312 311 
6951 312 311 
6952 312 311 
6952 312 311 
6953 312 311 
6954 312 311 
6954 312 311 
6955 312 311 
6956 312 311 
6957 312 311 
6957 312 311 
6958 312 311 
6959 312 311 
6960 312 311 
6960 312 311 
6961 312 311 
6962 312 311 
6962 312 311 
6963 312 311 
6964 312 311 
6965 312 309 
6965 312 311 
6966 312 311 
6967 312 311 
6968 312 311 
6968 312 311 
6969 312 312 
6970 312 311 
6970 312 311 
6971 312 311 
6972 312 311 
6973 312 311 
6973 312 311 
6974 312 311 
6975 312 311 
6976 712 311 
6977 712 311 
6977 712 311 
6978 712 311 
6979 712 311 
6980 712 311 
6980 712 311 
6981 712 313 
6982 712 311 
6982 712 311 
6983 712 311 
6984 712 312 
6985 712 313 
6985 712 313 
6986 712 314 
6987 712 315 
6987 712 315 
6988 712 318 
6989 712 318 
6990 712 319 
6991 712 319 
6991 712 321 
6992 712 322 
6993 712 323 
6994 712 323 
6994 712 325 
6995 712 325 
6996 712 325 
6996 712 328 
6997 712 329 
6998 712 331 
6999 712 331 
6999 712 332 
7000 712 333 
7001 712 336 
7002 712 336 
7003 712 338 
7003 712 339 
7004 712 339 
7005 712 341 
7005 712 343 
7006 712 344 
7007 712 344 
7008 712 346 
7008 712 349 
7009 712 351 
7010 712 351 
7011 712 352 
7012 712 354 
7012 712 356 
7013 712 356 
7014 712 358 
7014 712 360 
7015 712 360 
7016 712 362 
7017 712 364 
7017 712 365 
7018 712 365 
7019 712 368 
7020 712 371 
7020 712 371 
7021 712 372 
7022 712 374 
7023 712 375 
7023 712 375 
7024 712 379 
7025 712 381 
7026 712 382 
7026 712 382 
7027 712 385 
7028 712 386 
7028 712 386 
7029 712 389 
7030 712 393 
7031 712 394 
7031 712 394 
7032 712 395 
7033 712 395 
7034 712 400 
7034 712 400 
7035 712 402 
7036 712 403 
7037 712 403 
7037 712 405 
7038 712 408 
7039 712 410 
7040 712 410 
7040 712 411 
7041 712 414 
7042 712 415 
7043 712 415 
7043 712 418 
7044 712 420 
7045 712 420 
7046 712 422 
7046 712 423 
7047 712 424 
7048 712 424 
7049 712 428 
7049 712 431 
7050 712 431 
7051 712 432 
7051 712 434 
7052 712 436 
7053 712 436 
7054 712 439 
7054 712 440 
7055 712 442 
7056 712 442 
7057 712 444 
7057 712 448 
7058 712 448 
7059 712 449 
7060 712 450 
7060 712 453 
7061 712 453 
7062 712 455 
7063 712 457 
7063 712 460 
7064 712 460 
7065 712 462 
7066 712 463 
7066 712 463 
7067 712 463 
7068 712 468 
7069 712 470 
7069 712 470 
7070 712 471 
7071 712 474 
7072 712 475 
7072 712 475 
7073 712 478 
7074 712 480 
7075 712 480 
7075 712 482 
7076 712 484 
7077 712 485 
7077 712 485 
7078 712 488 
7079 712 490 
7080 712 492 
7080 712 492 
7081 712 494 
7082 712 497 
7083 712 499 
7084 712 499 
7084 712 500 
7085 712 502 
7086 712 502 
7086 712 504 
7087 712 507 
7088 712 509 
7089 712 509 
7089 712 511 
7090 712 512 
7091 712 515 
7092 712 515 
7092 712 518 
7093 712 520 
7094 712 520 
7095 712 522 
7095 712 524 
7096 712 526 
7097 712 526 
7098 712 528 
7098 712 530 
7099 712 533 
7100 712 533 
7101 712 535 
7101 712 537 
7102 712 537 
7103 712 538 
7104 712 540 
7104 712 543 
7105 712 543 
7106 712 545 
7107 712 547 
7107 712 550 
7108 712 550 
7109 712 551 
7110 712 553 
7110 712 553 
7111 712 556 
7112 712 558 
7113 712 560 
7113 712 560 
7114 712 561 
7115 712 564 
7116 712 567 
7116 712 567 
7117 712 569 
7118 712 570 
7119 712 570 
7119 712 573 
7120 712 574 
7121 712 576 
7121 712 576 
7122 712 578 
7123 712 581 
7124 712 583 
7124 712 583 
7125 712 584 
7126 712 587 
7127 712 588 
7127 712 588 
7128 712 590 
7129 712 592 
7130 712 592 
7130 712 595 
7131 712 596 
7132 712 599 
7133 712 599 
7133 712 600 
7134 712 602 
7135 712 605 
7136 712 605 
7136 712 607 
7137 712 609 
7138 712 609 
7139 712 611 
7139 712 611 
7140 712 614 
7141 712 614 
7142 712 618 
7142 712 620 
7143 712 621 
7144 712 621 
7145 712 624 
7145 712 626 
7146 712 626 
7147 712 627 
7148 712 630 
7148 712 633 
7149 712 633 
7150 712 634 
7151 712 636 
7151 712 639 
7152 712 639 
7153 712 641 
7154 712 643 
7154 712 644 
7155 712 644 
7156 712 647 
7157 712 648 
7157 712 648 
7158 712 650 
7159 712 651 
7160 712 655 
7160 712 655 
7161 712 657 
7162 712 659 
7163 712 661 
7163 712 661 
7164 712 663 
7165 712 663 
7165 712 663 
7166 712 667 
7167 712 670 
7168 712 671 
7168 712 671 
7169 712 672 
7170 712 675 
7171 712 676 
7171 712 676 
7172 712 678 
7173 712 679 
7174 712 679 
7174 712 681 
7175 712 682 
7176 712 684 
7177 712 684 
7177 712 685 
7178 712 687 
7179 712 687 
7180 712 687 
7180 712 688 
7181 712 692 
7182 712 692 
7183 712 692 
7184 712 693 
7184 712 694 
7185 712 694 
7186 712 695 
7186 712 696 
7187 712 696 
7188 712 696 
7189 712 697 
7189 712 698 
7190 712 699 
7191 712 699 
7192 712 700 
7192 712 701 
7193 712 701 
7194 712 701 
7195 712 703 
7195 712 704 
7196 712 704 
7197 712 704 
7198 712 704 
7198 712 704 
7199 712 705 
7200 712 706 
7201 712 706 
7201 712 706 
7202 712 706 
7203 712 707 
7204 712 707 
7204 712 707 
7205 712 708 
7206 712 708 
7207 712 708 
7207 712 708 
7208 712 708 
7209 712 709 
7209 712 709 
7210 712 709 
7211 712 709 
7212 712 710 
7212 712 710 
7213 712 710 
7214 712 710 
7215 712 710 
7215 712 710 
7216 712 711 
7217 712 711 
7218 712 711 
7218 712 711 
7219 712 711 
7220 712 711 
7221 712 711 
7221 712 711 
7222 712 711 
7223 712 711 
7224 712 711 
7224 712 711 
7225 712 711 
7226 712 711 
7227 712 711 
7227 712 711 
7228 712 711 
7229 712 711 
7230 712 711 
7230 712 711 
7231 712 711 
7232 712 711 
7232 712 711 
7233 712 711 
7234 712 711 
7235 712 711 
7235 712 711 
7236 712 711 
7237 712 711 
7238 712 711 
7238 712 711 
7239 712 711 
7240 712 711 
7241 712 711 
7241 712 711 
7242 712 711 
7243 712 711 
7244 712 711 
7244 712 711 
7245 712 711 
7246 712 711 
7247 712 711 
7247 712 711 
7248 712 711 
7249 712 711 
7249 712 711 
7250 712 711 
7251 712 711 
7252 712 711 
7252 712 711 
7253 712 711 
7254 712 711 
7254 712 711 
7255 712 711 
7256 712 711 
7257 712 711 
7257 712 711 
7258 712 711 
7259 712 711 
7260 712 711 
7260 712 711 
7261 712 711 
7262 712 712 
7263 712 712 
7263 712 711 
7264 712 711 
7265 712 711 
7266 712 712 
7266 712 711 
7267 712 711 
7268 712 711 
7268 712 712 
7269 712 711 
7270 712 711 
7271 712 711 
7271 712 711 
7272 712 711 
7273 712 711 
7274 712 711 
7274 712 711 
7275 712 711 
7276 712 711 
7277 712 711 
7277 712 711 
7278 712 711 
7279 712 711 
7280 712 711 
7280 712 711 
7281 712 711 
7282 712 711 
7282 712 711 
7283 712 711 
7284 712 711 
7285 712 711 
7285 712 711 
7286 712 711 
7287 712 711 
7288 712 711 
7288 712 711 
7289 712 711 
7290 712 710 
7291 712 711 
7291 712 711 
7292 712 711 
7293 712 711 
7294 712 711 
7294 712 711 
7295 712 710 
7296 712 711 
7296 712 711 
7297 712 711 
7298 712 711 
7299 712 711 
7299 712 711 
7300 712 711 
7301 712 711 
7302 712 711 
7302 712 712 
7303 712 711 
7304 712 711 
7304 712 711 
7305 712 711 
7306 712 711 
7307 712 711 
7307 712 711 
7308 712 711 
7309 712 712 
7310 712 712 
7310 712 711 
7311 712 711 
7312 712 711 
7313 712 711 
7313 712 711 
7314 712 711 
7315 712 711 
7316 712 711 
7316 712 711 
7317 712 711 
7318 712 711 
7319 712 711 
7319 712 711 
7320 712 711 
7321 712 711 
7321 712 711 
7322 712 711 
7323 712 711 
7324 712 711 
7324 712 711 
7325 712 711 
7326 712 711 
7327 712 711 
7327 712 711 
7328 712 711 
7329 712 711 
7329 712 711 
7330 712 711 
7331 712 711 
7332 712 711 
7332 712 711 
7333 712 711 
7334 712 711 
7335 712 711 
7335 712 711 
7336 712 711 
7337 712 711 
7338 712 711 
7338 712 711 
7339 712 711 
7340 712 711 
7340 712 711 
7341 712 711 
7342 712 711 
7343 712 711 
7343 712 711 
7344 712 711 
7345 712 711 
7346 712 711 
7346 712 711 
7347 712 711 
7348 712 711 
7349 712 711 
7349 712 711 
7350 712 711 
7351 712 711 
7352 712 711 
7352 712 711 
7353 712 711 
7354 712 711 
7354 712 711 
7355 712 711 
7356 712 711 
7357 712 711 
7357 712 711 
7358 712 711 
7359 712 711 
7360 712 711 
7361 712 711 
7361 712 711 
7362 712 711 
7363 712 711 
7363 712 710 
7364 712 711 
7365 712 711 
7366 712 711 
7366 712 711 
7367 712 711 
7368 712 711 
7369 712 711 
7369 712 711 
7370 712 711 
7371 712 711 
7372 712 711 
7372 712 711 
7373 712 711 
7374 712 711 
7375 712 711 
7375 712 709 
7376 712 709 
7377 712 711 
7378 712 711 
7378 712 711 
7379 712 711 
7380 712 711 
7381 712 711 
7381 712 711 
7382 712 711 
7383 712 711 
7384 712 711 
7384 712 711 
7385 712 711 
7386 712 711 
7387 712 711 
7387 712 711 
7388 712 711 
7389 712 711 
7389 712 711 
7390 712 711 
7391 712 711 
7392 712 711 
7392 712 711 
7393 712 711 
7394 712 711 
7395 712 711 
7395 712 711 
7396 712 711 
7397 712 711 
7398 712 711 
7398 712 711 
7399 712 711 
7400 712 711 
7400 712 711 
7401 712 711 
7402 712 711 
7403 712 711 
7403 712 711 
7404 712 711 
7405 712 711 