3732 200 201 
3732 200 201 
3733 200 200 
3734 200 200 
3735 200 200 
3735 200 200 
3736 200 201 
3737 200 201 
3738 200 200 
3738 200 201 
3739 200 200 
3740 200 200 
3741 200 200 
3741 200 200 
3742 200 200 
3743 200 201 
3743 200 201 
3744 200 201 
3745 200 201 
3746 200 200 
3746 200 200 
3747 200 200 
3748 200 201 
3749 200 200 
3749 200 201 
3750 200 201 
3751 200 200 
3752 200 200 
3752 200 200 
3753 200 200 
3754 200 201 
3754 200 201 
3755 200 201 
3756 200 201 
3757 200 201 
3757 200 200 
3758 200 200 
3759 200 201 
3760 200 201 
3760 200 201 
3761 200 201 
3762 200 201 
3763 200 201 
3763 200 201 
3764 200 201 
3765 200 200 
3766 200 201 
3766 200 201 
3767 200 200 
3768 200 200 
3768 200 200 
3769 200 201 
3770 200 202 
3771 200 202 
3771 200 200 
3772 200 200 
3773 200 200 
3773 200 200 
3774 200 200 
3775 200 200 
3776 200 200 
3776 200 200 
3777 200 200 
3778 200 201 
3779 200 201 
3779 200 200 
3780 200 200 
3781 200 200 
3781 200 200 
3782 200 200 
3783 200 201 
3784 200 201 
3784 200 201 
3785 200 201 
3786 200 201 
3787 200 200 
3787 200 201 
3788 200 200 
3789 200 200 
3790 200 200 
3790 200 201 
3791 200 201 
3792 200 200 
3792 200 200 
3793 200 201 
3794 200 201 
3795 200 200 
3795 200 200 
3796 200 200 
3797 200 201 
3798 200 202 
3798 200 200 
3799 200 200 
3800 200 201 
3800 200 200 
3801 200 200 
3802 200 200 
3803 200 200 
3803 200 200 
3804 200 200 
3805 200 200 
3806 200 200 
3806 200 200 
3807 200 201 
3808 200 201 
3809 200 200 
3809 200 200 
3810 200 201 
3811 200 201 
3812 200 200 
3812 200 200 
3813 200 200 
3814 200 201 
3814 200 201 
3815 200 200 
3816 200 200 
3817 200 201 
3817 200 201 
3818 200 201 
3819 200 200 
3820 200 201 
3820 200 201 
3821 200 200 
3822 200 200 
3823 200 200 
3823 200 200 
3824 200 201 
3825 200 200 
3826 200 200 
3826 200 201 
3827 200 200 
3828 200 200 
3828 200 200 
3829 200 200 
3830 200 201 
3831 200 201 
3831 200 201 
3832 200 200 
3833 200 200 
3834 200 200 
3834 200 200 
3835 200 201 
3836 200 201 
3836 200 201 
3837 200 200 
3838 200 200 
3839 200 201 
3839 200 201 
3840 200 201 
3841 200 201 
3842 200 200 
3842 200 201 
3843 200 201 
3844 200 201 
3845 200 201 
3845 200 200 
3846 200 200 
3847 200 200 
3847 200 200 
3848 200 200 
3849 200 200 
3850 200 200 
3850 200 201 
3851 200 201 
3852 200 201 
3853 200 201 
3853 200 201 
3854 200 200 
3855 200 201 
3856 200 200 
3856 200 200 
3857 200 200 
3858 200 200 
3858 200 200 
3859 200 201 
3860 200 200 
3861 200 200 
3861 200 200 
3862 200 200 
3863 200 200 
3863 200 200 
3864 200 201 
3865 200 201 
3866 200 200 
3866 200 200 
3867 200 200 
3868 200 200 
3869 200 200 
3869 200 200 
3870 200 201 
3871 200 201 
3872 200 201 
3872 200 201 
3873 200 201 
3874 200 201 
3875 200 201 
3875 200 201 
3876 200 201 
3877 200 201 
3877 200 201 
3878 200 201 
3879 200 201 
3880 200 201 
3880 200 200 
3881 200 200 
3882 200 200 
3883 200 200 
3883 200 200 
3884 200 201 
3885 200 201 
3885 200 201 
3886 200 201 
3887 200 201 
3888 200 201 
3888 200 201 
3889 200 200 
3890 200 200 
3891 200 200 
3891 200 200 
3892 200 200 
3893 200 200 
3894 200 200 
3894 200 201 
3895 200 201 
3896 200 201 
3897 200 200 
3897 200 200 
3898 200 201 
3899 200 200 
3899 200 200 
3900 200 200 
3901 200 201 
3902 200 201 
3902 200 201 
3903 200 200 
3904 200 200 
3905 200 201 
3905 200 201 
3906 200 201 
3907 200 201 
3908 200 200 
3908 200 200 
3909 200 201 
3910 200 201 
3910 200 201 
3911 200 201 
3912 200 200 
3913 200 200 
3913 200 200 
3914 200 200 
3915 200 200 
3915 200 200 
3916 200 200 
3917 200 200 
3918 200 201 
3918 200 201 
3919 200 200 
3920 200 201 
3921 200 201 
3921 200 200 
3922 200 201 
3923 200 201 
3923 200 200 
3924 200 201 
3925 200 200 
3926 200 200 
3926 200 200 
3927 200 200 
3928 200 200 
3929 200 200 
3929 200 200 
3930 200 200 
3931 200 200 
3931 200 201 
3932 200 201 
3933 200 201 
3934 200 201 
3934 200 200 
3935 200 201 
3936 200 201 
3937 200 200 
3937 200 201 
3938 200 201 
3939 200 200 
3940 200 200 
3940 200 201 
3941 200 201 
3942 200 200 
3943 200 201 
3943 200 201 
3944 200 200 
3945 200 201 
3945 200 200 
3946 200 200 
3947 200 200 
3948 200 200 
3948 200 200 
3949 200 200 
3950 200 200 
3950 200 200 
3951 200 200 
3952 200 200 
3953 200 200 
3953 200 200 
3954 200 200 
3955 200 200 
3956 200 200 
3956 200 200 
3957 200 200 
3958 200 201 
3958 200 201 
3959 200 201 
3960 200 200 
3961 200 201 
3961 200 201 
3962 200 201 
3963 200 201 
3963 200 201 
3964 200 200 
3965 200 200 
3966 200 201 
3966 200 201 
3967 200 201 
3968 200 201 
3969 200 201 
3969 200 201 
3970 200 200 
3971 200 200 
3972 200 200 
3972 200 200 
3973 200 200 
3974 200 200 
3974 200 200 
3975 200 200 
3976 200 201 
3977 200 201 
3977 200 200 
3978 200 200 
3979 200 200 
3980 200 201 
3980 200 200 
3981 200 201 
3982 200 201 
3982 200 200 
3983 200 201 
3984 200 201 
3985 200 200 
3985 200 201 
3986 200 201 
3987 200 201 
3988 200 201 
3988 200 200 
3989 200 200 
3990 200 200 
3991 200 200 
3991 200 200 
3992 200 200 
3993 200 200 
3994 200 201 
3994 200 201 
3995 200 201 
3996 200 201 
3997 200 200 
3997 200 200 
3998 200 201 
3999 200 201 
4000 200 200 
4000 200 200 
4001 200 201 
4002 200 198 
4003 200 198 
4003 200 201 
4004 200 200 
4005 200 200 
4005 200 200 
4006 200 198 
4007 200 200 
4007 200 200 
4008 200 201 
4009 200 201 
4010 200 201 
4010 200 201 
4011 200 200 
4012 200 200 
4013 200 200 
4013 200 201 
4014 200 200 
4015 200 201 
4016 200 201 
4016 200 200 
4017 200 200 
4018 200 200 
4018 200 200 
4019 200 200 
4020 200 200 
4021 200 200 
4021 200 200 
4022 200 200 
4023 200 200 
4024 200 200 
4024 200 200 
4025 200 201 
4026 200 201 
4026 200 201 
4027 200 200 
4028 200 200 
4029 200 200 
4029 200 200 
4030 200 201 
4031 200 201 
4032 200 200 
4032 200 200 
4033 200 200 
4034 200 200 
4034 200 201 
4035 200 201 
4036 200 201 
4037 200 200 
4037 200 200 
4038 200 200 
4039 200 201 
4040 200 200 
4040 200 200 
4041 200 200 
4042 200 201 
4043 200 201 
4043 200 200 
4044 200 200 
4045 200 201 
4046 200 201 
4046 200 201 
4047 200 200 
4048 200 201 
4048 200 201 
4049 200 201 
4050 200 200 
4051 200 200 
4051 200 200 
4052 200 201 
4053 200 201 
4054 200 201 
4054 200 201 
4055 200 198 
4056 200 201 
4056 200 201 
4057 200 200 
4058 200 200 
4059 200 200 
4059 200 201 
4060 200 200 
4061 200 201 
4061 200 201 
4062 200 201 
4063 200 200 
4064 200 200 
4064 200 200 
4065 200 201 
4066 200 200 
4067 200 200 
4067 200 201 
4068 200 200 
4069 200 200 
4070 200 200 
4070 200 201 
4071 200 200 
4072 200 200 
4072 200 201 
4073 200 200 
4074 200 200 
4075 200 201 
4075 200 200 
4076 200 200 
4077 200 200 
4078 200 200 
4078 200 200 
4079 200 200 
4080 200 200 
4080 200 200 
4081 200 201 
4082 200 201 
4083 200 201 
4083 200 201 
4084 200 201 
4085 200 200 
4086 200 200 
4086 200 200 
4087 200 200 
4088 200 200 
4088 200 200 
4089 200 200 
4090 200 200 
4091 200 201 
4091 200 201 
4092 200 201 
4093 200 201 
4094 200 201 
4094 200 201 
4095 200 200 
4096 200 200 
4097 200 200 
4097 200 200 
4098 200 200 
4099 200 201 
4100 200 201 
4100 200 201 
4101 200 201 
4102 200 200 
4102 200 200 
4103 200 200 
4104 200 200 
4105 200 201 
4105 200 201 
4106 200 200 
4107 200 200 
4107 200 200 
4108 200 198 
4109 200 200 
4110 200 200 
4110 200 201 
4111 200 200 
4112 200 200 
4113 200 200 
4113 200 200 
4114 200 201 
4115 200 201 
4115 200 201 
4116 200 200 
4117 200 200 
4118 200 200 
4118 200 200 
4119 200 201 
4120 200 201 
4121 200 201 
4121 200 201 
4122 200 200 
4123 350 200 
4124 350 200 
4125 350 201 
4125 350 201 
4126 350 201 
4127 350 201 
4128 350 201 
4128 350 201 
4129 350 201 
4130 350 201 
4131 350 201 
4131 350 201 
4132 350 201 
4133 350 201 
4133 350 201 
4134 350 201 
4135 350 202 
4136 350 202 
4136 350 202 
4137 350 202 
4138 350 203 
4139 350 204 
4139 350 205 
4140 350 205 
4141 350 206 
4142 350 206 
4142 350 206 
4143 350 208 
4144 350 210 
4145 350 210 
4145 350 210 
4146 350 211 
4147 350 212 
4148 350 213 
4148 350 213 
4149 350 214 
4150 350 215 
4150 350 215 
4151 350 217 
4152 350 218 
4153 350 219 
4153 350 219 
4154 350 220 
4155 350 220 
4156 350 222 
4156 350 222 
4157 350 223 
4158 350 225 
4159 350 225 
4159 350 227 
4160 350 228 
4161 350 229 
4162 350 229 
4162 350 229 
4163 350 233 
4164 350 233 
4165 350 233 
4165 350 234 
4166 350 236 
4167 350 236 
4168 350 236 
4168 350 236 
4169 350 238 
4170 350 238 
4171 350 239 
4171 350 240 
4172 350 242 
4173 350 242 
4174 350 243 
4174 350 245 
4175 350 246 
4176 350 246 
4177 350 247 
4177 350 248 
4178 350 248 
4179 350 248 
4180 350 252 
4180 350 253 
4181 350 253 
4182 350 255 
4183 350 255 
4183 350 256 
4184 350 256 
4185 350 259 
4186 350 261 
4186 350 261 
4187 350 262 
4188 350 262 
4189 350 265 
4189 350 265 
4190 350 267 
4191 350 267 
4192 350 269 
4192 350 269 
4193 350 271 
4194 350 272 
4195 350 275 
4195 350 275 
4196 350 276 
4197 350 278 
4197 350 278 
4198 350 279 
4199 350 283 
4200 350 283 
4200 350 283 
4201 350 285 
4202 350 286 
4203 350 286 
4203 350 288 
4204 350 289 
4205 350 292 
4206 350 292 
4206 350 293 
4207 350 293 
4208 350 297 
4208 350 297 
4209 350 298 
4210 350 300 
4211 350 300 
4211 350 302 
4212 350 305 
4213 350 306 
4214 350 306 
4214 350 309 
4215 350 310 
4216 350 310 
4217 350 311 
4217 350 313 
4218 350 316 
4219 350 316 
4220 350 318 
4220 350 319 
4221 350 319 
4222 350 321 
4222 350 324 
4223 350 324 
4224 350 324 
4225 350 326 
4225 350 328 
4226 350 328 
4227 350 329 
4228 350 331 
4228 350 333 
4229 350 333 
4230 350 334 
4231 350 335 
4231 350 336 
4232 350 336 
4233 350 339 
4233 350 339 
4234 350 339 
4235 350 340 
4236 350 341 
4236 350 343 
4237 350 343 
4238 350 343 
4239 350 344 
4239 350 344 
4240 350 345 
4241 350 347 
4242 350 345 
4242 350 345 
4243 350 348 
4244 350 350 
4245 350 350 
4245 350 351 
4246 350 351 
4247 350 352 
4247 350 352 
4248 350 354 
4249 350 354 
4250 350 355 
4250 350 355 
4251 350 356 
4252 350 356 
4253 350 356 
4253 350 357 
4254 350 357 
4255 350 358 
4256 350 358 
4256 350 358 
4257 350 359 
4258 350 360 
4259 350 360 
4259 350 360 
4260 350 360 
4261 350 360 
4261 350 360 
4262 350 362 
4263 350 362 
4264 350 362 
4264 350 362 
4265 350 362 
4266 350 360 
4267 350 360 
4267 350 363 
4268 350 363 
4269 350 363 
4270 350 364 
4270 350 364 
4271 350 364 
4272 350 364 
4273 350 364 
4273 350 364 
4274 350 365 
4275 350 365 
4276 350 365 
4276 350 365 
4277 350 365 
4278 350 365 
4279 350 366 
4279 350 366 
4280 350 366 
4281 350 366 
4282 350 366 
4282 350 366 
4283 350 366 
4284 350 366 
4285 350 366 
4285 350 366 
4286 350 366 
4287 350 366 
4288 350 366 
4288 350 366 
4289 350 366 
4290 350 366 
4291 350 366 
4291 350 366 
4292 350 366 
4293 350 366 
4294 350 366 
4294 350 366 
4295 350 366 
4296 350 365 
4296 350 365 
4297 350 365 
4298 350 365 
4299 350 365 
4299 350 365 
4300 350 365 
4301 350 365 
4302 350 365 
4302 350 365 
4303 350 365 
4304 350 364 
4305 350 364 
4305 350 364 
4306 350 363 
4307 350 364 
4308 350 364 
4308 350 364 
4309 350 364 
4310 350 363 
4311 350 363 
4311 350 362 
4312 350 363 
4313 350 363 
4314 350 360 
4314 350 362 
4315 350 360 
4316 350 360 
4317 350 362 
4317 350 362 
4318 350 360 
4319 350 360 
4320 350 359 
4320 350 360 
4321 350 360 
4322 350 359 
4323 350 359 
4323 350 359 
4324 350 359 
4325 350 359 
4326 350 358 
4326 350 358 
4327 350 358 
4328 350 358 
4329 350 357 
4329 350 357 
4330 350 356 
4331 350 357 
4331 350 357 
4332 350 357 
4333 350 356 
4334 350 356 
4335 350 356 
4335 350 356 
4336 350 355 
4337 350 355 
4338 350 355 
4338 350 355 
4339 350 354 
4340 350 354 
4340 350 354 
4341 350 354 
4342 350 354 
4343 350 352 
4343 350 352 
4344 350 352 
4345 350 351 
4346 350 351 
4346 350 351 
4347 350 351 
4348 350 351 
4349 350 351 
4349 350 350 
4350 350 350 
4351 350 350 
4352 350 350 
4352 350 350 
4353 350 350 
4354 350 349 
4354 350 349 
4355 350 349 
4356 350 349 
4357 350 349 
4357 350 349 
4358 350 348 
4359 350 348 
4360 350 348 
4360 350 348 
4361 350 348 
4362 350 348 
4363 350 348 
4363 350 348 
4364 350 348 
4365 350 348 
4365 350 348 
4366 350 348 
4367 350 348 
4368 350 347 
4368 350 347 
4369 350 347 
4370 350 347 
4371 350 347 
4371 350 348 
4372 350 348 
4373 350 347 
4373 350 347 
4374 350 347 
4375 350 347 
4376 350 348 
4376 350 347 
4377 350 347 
4378 350 347 
4379 350 347 
4379 350 347 
4380 350 347 
4381 350 347 
4382 350 347 
4382 350 347 
4383 350 347 
4384 350 344 
4385 350 347 
4385 350 347 
4386 350 347 
4387 350 347 
4388 350 347 
4388 350 347 
4389 350 347 
4390 350 347 
4391 350 347 
4391 350 347 
4392 350 347 
4393 350 348 
4393 350 348 
4394 350 347 
4395 350 347 
4396 350 347 
4396 350 347 
4397 350 347 
4398 350 347 
4399 350 347 
4399 350 347 
4400 350 348 
4401 350 348 
4402 350 348 
4402 350 348 
4403 350 348 
4404 350 348 
4405 350 348 
4405 350 348 
4406 350 348 
4407 350 348 
4408 350 348 
4408 350 348 
4409 350 348 
4410 350 348 
4410 350 348 
4411 350 348 
4412 350 348 
4413 350 348 
4413 350 348 
4414 350 348 
4415 350 348 
4416 350 348 
4416 350 350 
4417 350 350 
4418 350 349 
4418 350 347 
4419 350 350 
4420 350 350 
4421 350 349 
4421 350 349 
4422 350 349 
4423 350 349 
4424 350 349 
4424 350 349 
4425 350 349 
4426 350 349 
4426 350 349 
4427 350 349 
4428 350 349 
4429 350 349 
4429 350 349 
4430 350 349 
4431 350 349 
4432 350 349 
4432 350 349 
4433 350 349 
4434 350 349 
4434 350 349 
4435 350 349 
4436 350 349 
4437 350 350 
4437 350 350 
4438 350 349 
4439 350 349 
4439 350 349 
4440 350 349 
4441 350 349 
4442 350 350 
4442 350 350 
4443 350 349 
4444 350 349 
4444 350 349 
4445 350 349 
4446 350 350 
4447 350 349 
4448 350 349 
4448 350 350 
4449 350 350 
4450 350 350 
4450 350 350 
4451 350 350 
4452 350 350 
4453 350 350 
4453 350 350 
4454 350 350 
4455 350 350 
4456 350 350 
4456 350 349 
4457 350 350 
4458 350 350 
4458 350 350 
4459 350 350 
4460 350 350 
4461 350 349 
4461 350 350 
4462 350 350 
4463 350 350 
4464 350 350 
4464 350 350 
4465 350 350 
4466 350 350 
4466 350 350 
4467 350 350 
4468 350 350 
4469 350 349 
4469 350 350 
4470 350 350 
4471 350 350 
4472 350 350 
4472 350 350 
4473 350 350 
4474 350 350 
4475 350 349 
4475 350 349 
4476 350 350 
4477 350 350 
4477 350 350 
4478 350 350 
4479 350 349 
4480 350 349 
4480 350 349 
4481 350 350 
4482 350 350 
4483 350 350 
4483 350 350 
4484 350 350 
4485 350 349 
4485 350 349 
4486 350 350 
4487 350 350 
4488 350 349 
4488 350 349 
4489 350 350 
4490 350 350 
4491 350 350 
4491 350 350 
4492 350 350 
4493 350 349 
4493 350 349 
4494 350 350 
4495 350 350 
4496 350 350 
4496 350 350 
4497 350 350 
4498 350 350 
4499 350 350 
4499 350 350 
4500 350 350 
4501 350 350 
4502 350 350 
4502 350 350 
4503 350 350 
4504 350 350 
4504 350 350 
4505 350 350 
4506 350 350 
4507 350 350 
4507 350 350 
4508 350 350 
4509 350 350 
4510 350 350 
4510 350 350 
4511 350 350 
4512 350 351 
4512 350 350 
4513 350 350 
4514 350 350 
4515 350 350 
4515 350 350 
4516 350 350 
4517 350 350 
4518 350 350 
4518 350 350 
4519 350 350 
4520 350 350 
4521 350 350 
4521 350 350 
4522 350 350 
4523 350 350 
4523 350 351 
4524 350 351 
4525 350 350 
4526 350 350 
4526 350 350 
4527 350 350 
4528 350 351 
4529 350 350 
4529 350 350 
4530 350 350 
4531 350 350 
4532 350 350 
4532 350 350 
4533 350 350 
4534 350 350 
4534 350 350 
4535 350 350 
4536 350 350 
4537 350 351 
4537 350 351 
4538 350 351 
4539 350 351 
4539 350 351 
4540 350 351 
4541 350 351 
4542 350 351 
4542 350 351 
4543 350 351 
4544 350 351 
4545 350 351 
4545 350 351 
4546 350 351 
4547 350 351 
4548 350 351 
4548 350 351 
4549 350 351 
4550 350 351 
4551 350 351 
4551 350 350 
4552 350 351 
4553 350 351 
4554 350 351 
4554 350 351 
4555 350 351 
4556 350 351 
4557 350 351 
4557 350 351 
4558 350 351 
4559 350 351 
4559 350 351 
4560 350 351 
4561 350 351 
4562 350 351 
4562 350 350 
4563 350 352 
4564 350 352 
4565 350 351 
4565 350 351 
4566 350 351 
4567 350 351 
4568 350 351 
4568 350 351 
4569 350 351 
4570 350 351 
4571 350 351 
4571 350 351 
4572 350 351 
4573 350 351 
4574 350 351 
4574 350 351 
4575 350 351 
4576 350 351 
4577 350 350 
4577 350 350 
4578 350 351 
4579 350 351 
4580 350 351 
4580 350 351 
4581 350 350 
4582 350 351 
4583 350 351 
4583 350 351 
4584 350 351 
4585 350 351 
4585 350 351 
4586 350 351 
4587 350 351 
4588 350 351 
4588 350 351 
4589 350 351 
4590 350 351 
4591 350 351 
4591 350 351 
4592 350 351 
4593 350 351 
4594 350 351 
4594 350 351 
4595 350 351 
4596 350 351 
4597 350 351 
4597 350 351 
4598 350 351 
4599 350 351 
4600 350 351 
4600 350 351 
4601 350 351 
4602 350 351 
4603 350 351 
4603 350 351 
4604 350 351 
4605 350 351 
4606 350 351 
4606 350 351 
4607 350 351 
4608 350 351 
4609 350 351 
4609 350 350 
4610 350 350 
4611 350 350 
4612 350 350 
4612 350 350 
4613 350 350 
4614 350 351 
4615 350 350 
4615 350 350 
4616 350 349 
4617 350 350 
4617 350 350 
4618 350 350 
4619 350 350 
4620 350 350 
4620 350 350 
4621 350 350 
4622 350 350 
4623 350 350 
4623 350 350 
4624 350 350 
4625 350 350 
4625 350 350 
4626 350 349 
4627 350 350 
4628 350 350 
4628 350 350 
4629 350 350 
4630 350 350 
4630 350 350 
4631 350 350 
4632 350 350 
4633 350 350 
4633 350 350 
4634 350 350 
4635 350 350 
4636 350 350 
4636 350 350 
4637 350 350 
4638 350 350 
4638 350 350 
4639 350 350 
4640 350 350 
4641 350 350 
4641 350 350 
4642 350 350 
4643 350 350 
4644 350 350 
4644 350 350 
4645 350 351 
4646 350 351 
4647 350 350 
4647 350 350 
4648 350 350 
4649 350 350 
4649 350 350 
4650 350 350 
4651 350 350 
4652 350 350 
4652 350 348 
4653 350 350 
4654 350 350 
4655 350 350 
4655 350 349 
4656 350 349 
4657 350 350 
4657 350 350 
4658 350 350 
4659 350 350 
4660 350 350 
4660 350 350 
4661 350 350 
4662 350 350 
4663 350 350 
4663 350 350 
4664 350 350 
4665 350 350 
4666 350 350 
4666 350 350 
4667 350 350 
4668 350 350 
4668 350 350 
4669 350 350 
4670 350 350 
4671 350 350 
4671 350 350 
4672 350 350 
4673 350 350 
4674 350 350 
4674 350 350 
4675 350 350 
4676 350 350 
4677 350 350 
4677 350 350 
4678 350 350 
4679 350 350 
4679 350 350 
4680 350 350 
4681 350 350 
4681 350 350 
4682 350 350 
4683 350 350 
4684 350 350 
4684 350 350 
4685 350 350 
4686 350 351 
4687 350 351 
4687 350 350 
4688 350 350 
4689 350 349 
4689 350 349 
4690 350 350 
4691 350 350 
4692 350 350 
4692 350 350 
4693 350 350 
4694 350 350 
4695 350 350 
4695 350 350 
4696 350 350 
4697 350 350 
4697 350 350 
4698 350 349 
4699 350 349 
4700 350 350 
4700 350 350 
4701 350 350 
4702 350 350 
4703 350 350 
4703 350 350 
4704 350 350 
4705 350 350 
4705 350 349 
4706 350 350 
4707 350 350 
4708 350 351 
4709 350 350 
4709 350 350 
4710 350 350 
4711 350 350 
4711 350 350 
4712 350 350 
4713 350 351 
4714 350 350 
4714 350 350 
4715 350 350 
4716 350 350 
4716 350 350 
4717 350 350 
4718 350 350 
4719 350 350 
4719 350 350 
4720 350 350 
4721 350 349 
4722 350 351 
4722 350 351 
4723 350 350 
4724 350 350 
4725 350 350 
4725 350 350 
4726 350 350 
4727 350 350 
4727 350 350 
4728 350 350 
4729 350 350 
4730 350 350 
4730 350 350 
4731 350 351 
4732 350 350 
4732 350 350 
4733 350 350 
4734 350 350 
4735 350 350 
4735 350 350 
4736 350 350 
4737 350 350 
4738 350 350 
4738 350 350 
4739 350 350 
4740 350 350 
4741 350 350 
4741 350 350 
4742 350 350 
4743 350 350 
4743 350 350 
4744 350 350 
4745 350 350 
4746 350 350 
4746 350 350 
4747 350 350 
4748 350 350 
4749 350 351 
4749 350 351 
4750 350 350 
4751 350 350 
4752 350 350 
4752 350 349 
4753 350 349 
4754 350 350 
4754 350 350 
4755 350 350 
4756 350 350 
4757 350 350 
4757 350 350 
4758 350 350 
4759 350 350 
4760 350 350 
4760 350 350 
4761 350 350 
4762 350 350 
4762 350 350 
4763 350 350 
4764 350 350 
4765 350 350 
4765 350 350 
4766 350 350 
4767 350 350 
4768 350 350 
4768 350 350 
4769 350 350 
4770 350 351 
4770 350 351 
4771 350 350 
4772 350 351 
4773 350 350 
4773 350 350 
4774 350 350 
4775 350 350 
4775 350 350 
4776 350 350 
4777 350 350 
4778 350 350 
4778 350 350 
4779 350 350 
4780 350 350 
4781 350 350 
4781 350 351 
4782 350 350 
4783 350 350 
4783 350 350 
4784 350 351 
4785 350 351 
4786 350 351 
4786 350 350 
4787 350 350 
4788 350 350 
4789 350 350 
4789 350 350 
4790 350 350 
4791 350 350 
4792 350 350 
4792 350 350 
4793 350 349 
4794 350 349 
4794 350 350 
4795 350 350 
4796 350 350 
4797 350 350 
4797 350 350 
4798 350 350 
4799 350 350 
4800 350 350 
4800 350 350 
4801 350 350 
4802 350 350 
4802 350 350 
4803 350 351 
4804 350 351 
4805 350 350 
4805 350 350 
4806 350 350 
4807 350 350 
4808 350 350 
4808 350 350 
4809 350 350 
4810 350 350 
4811 350 350 
4811 350 350 
4812 350 350 
4813 350 351 
4813 350 350 
4814 350 350 
4815 350 350 
4816 350 350 
4816 350 350 
4817 350 350 
4818 350 350 
4819 350 350 
4819 350 350 
4820 350 350 
4821 350 350 
4821 350 350 
4822 350 350 
4823 350 350 
4824 350 350 
4824 350 350 
4825 350 350 
4826 350 350 
4826 350 350 
4827 350 350 
4828 350 349 
4829 350 350 
4829 350 350 
4830 350 350 
4831 350 350 
4832 350 350 
4832 350 350 
4833 350 350 
4834 350 351 
4835 350 351 
4835 350 350 
4836 350 350 
4837 350 350 
4837 350 350 
4838 350 350 
4839 350 350 
4840 350 350 
4840 350 350 
4841 350 350 
4842 350 350 
4843 350 350 
4843 350 350 
4844 350 351 
4845 350 351 
4846 350 350 
4846 350 350 
4847 350 349 
4848 350 349 
4849 350 350 
4849 350 350 
4850 350 350 
4851 350 350 
4851 350 349 
4852 350 350 
4853 350 350 
4854 350 350 
4854 350 350 
4855 350 350 
4856 350 350 
4857 350 350 
4857 350 350 
4858 350 350 
4859 350 350 
4860 350 350 
4860 350 350 
4861 350 350 
4862 350 350 
4862 350 350 
4863 350 350 
4864 350 350 
4865 350 350 
4865 350 350 
4866 350 350 
4867 350 350 
4868 350 350 
4868 350 350 
4869 350 350 
4870 350 350 
4870 350 350 
4871 350 350 
4872 350 350 
4873 350 350 
4873 350 350 
4874 350 349 
4875 350 350 
4875 350 350 
4876 350 350 
4877 350 350 
4878 350 350 
4878 350 350 
4879 350 350 
4880 350 350 
4881 350 350 
4881 350 350 
4882 350 350 
4883 350 350 
4883 350 350 
4884 350 350 
4885 350 350 
4886 350 350 
4886 350 350 
4887 350 350 
4888 350 350 
4889 350 350 
4889 350 350 
4890 350 350 
4891 350 350 
4892 350 350 
4892 350 350 
4893 350 350 
4894 350 350 
4894 350 350 
4895 350 350 
4896 350 350 
4897 350 350 
4897 350 351 
4898 350 350 
4899 350 350 
4900 350 350 
4900 350 349 
4901 350 349 
4902 350 350 
4903 350 350 
4903 350 350 
4904 350 350 
4905 350 350 
4905 350 350 
4906 350 350 
4907 200 350 
4908 200 350 
4909 200 350 
4909 200 350 
4910 200 350 
4911 200 350 
4912 200 350 
4912 200 350 
4913 200 350 
4914 200 350 
4915 200 350 
4915 200 350 
4916 200 349 
4917 200 349 
4918 200 348 
4918 200 348 
4919 200 348 
4920 200 347 
4921 200 347 
4921 200 345 
4922 200 345 
4923 200 345 
4923 200 345 
4924 200 343 
4925 200 342 
4926 200 340 
4926 200 340 
4927 200 339 
4928 200 337 
4929 200 337 
4929 200 336 
4930 200 335 
4931 200 334 
4932 200 334 
4932 200 333 
4933 200 332 
4934 200 331 
4935 200 331 
4935 200 329 
4936 200 328 
4937 200 327 
4938 200 327 
4938 200 326 
4939 200 325 
4940 200 325 
4941 200 324 
4941 200 322 
4942 200 321 
4943 200 321 
4944 200 320 
4944 200 317 
4945 200 318 
4946 200 318 
4947 200 316 
4947 200 316 
4948 200 314 
4949 200 314 
4950 200 313 
4950 200 312 
4951 200 312 
4952 200 311 
4953 200 310 
4953 200 309 
4954 200 309 
4955 200 308 
4956 200 309 
4956 200 309 
4957 200 305 
4958 200 304 
4959 200 303 
4959 200 303 
4960 200 302 
4961 200 300 
4962 200 300 
4962 200 300 
4963 200 298 
4964 200 297 
4965 200 296 
4965 200 296 
4966 200 294 
4967 200 294 
4967 200 294 
4968 200 292 
4969 200 292 
4970 200 290 
4970 200 290 
4971 200 289 
4972 200 288 
4973 200 288 
4973 200 286 
4974 200 286 
4975 200 284 
4976 200 284 
4976 200 283 
4977 200 281 
4978 200 280 
4978 200 280 
4979 200 278 
4980 200 277 
4981 200 277 
4981 200 276 
4982 200 273 
4983 200 272 
4984 200 272 
4984 200 271 
4985 200 269 
4986 200 269 
4987 200 268 
4987 200 267 
4988 200 264 
4989 200 264 
4990 200 263 
4990 200 261 
4991 200 260 
4992 200 260 
4993 200 259 
4993 200 256 
4994 200 256 
4995 200 253 
4996 200 253 
4996 200 252 
4997 200 252 
4998 200 251 
4999 200 247 
4999 200 246 
5000 200 246 
5001 200 244 
5001 200 243 
5002 200 243 
5003 200 242 
5004 200 242 
5004 200 242 
5005 200 237 
5006 200 236 
5007 200 235 
5007 200 235 
5008 200 234 
5009 200 231 
5010 200 229 
5010 200 229 
5011 200 228 
5012 200 227 
5013 200 227 
5013 200 225 
5014 200 223 
5015 200 221 
5015 200 221 
5016 200 219 
5017 200 218 
5018 200 217 
5018 200 217 
5019 200 214 
5020 200 213 
5021 200 213 
5021 200 211 
5022 200 211 
5023 200 209 
5023 200 209 
5024 200 206 
5025 200 206 
5026 200 206 
5026 200 205 
5027 200 203 
5028 200 203 
5029 200 203 
5029 200 202 
5030 200 201 
5031 200 201 
5031 200 200 
5032 200 198 
5033 200 198 
5034 200 198 
5034 200 197 
5035 200 197 
5036 200 197 
5037 200 196 
5037 200 194 
5038 200 194 
5039 200 194 
5040 200 194 
5040 200 193 
5041 200 193 
5042 200 193 
5043 200 192 
5043 200 192 
5044 200 192 
5045 200 191 
5046 200 189 
5046 200 189 
5047 200 189 
5048 200 189 
5049 200 188 
5049 200 188 
5050 200 188 
5051 200 188 
5052 200 187 
5052 200 187 
5053 200 187 
5054 200 188 
5055 200 187 
5055 200 187 
5056 200 186 
5057 200 186 
5058 200 186 
5058 200 186 
5059 200 185 
5060 200 185 
5060 200 185 
5061 200 185 
5062 200 185 
5063 200 184 
5063 200 184 
5064 200 184 
5065 200 184 
5066 200 184 
5066 200 184 
5067 200 184 
5068 200 184 
5068 200 184 
5069 200 184 
5070 200 184 
5071 200 184 
5071 200 184 
5072 200 183 
5073 200 183 
5074 200 183 
5074 200 184 
5075 200 183 
5076 200 183 
5077 200 183 
5077 200 183 
5078 200 183 
5079 200 183 
5079 200 183 
5080 200 184 
5081 200 183 
5082 200 183 
5082 200 183 
5083 200 183 
5084 200 183 
5085 200 184 
5085 200 183 
5086 200 184 
5087 200 184 
5088 200 183 
5088 200 184 
5089 200 184 
5090 200 184 
5091 200 184 
5091 200 184 
5092 200 184 
5093 200 184 
5094 200 185 
5094 200 185 
5095 200 185 
5096 200 185 
5096 200 185 
5097 200 185 
5098 200 186 
5099 200 186 
5099 200 186 
5100 200 186 
5101 200 187 
5102 200 187 
5102 200 187 
5103 200 187 
5104 200 188 
5105 200 188 
5105 200 188 
5106 200 188 
5107 200 188 
5108 200 191 
5108 200 191 
5109 200 191 
5110 200 192 
5110 200 192 
5111 200 192 
5112 200 193 
5113 200 193 
5113 200 193 
5114 200 193 
5115 200 194 
5116 200 194 
5116 200 194 
5117 200 195 
5118 200 196 
5118 200 196 
5119 200 196 
5120 200 196 
5121 200 196 
5121 200 197 
5122 200 197 
5123 200 197 
5124 200 197 
5124 200 197 
5125 200 198 
5126 200 198 
5126 200 198 
5127 200 198 
5128 200 198 
5129 200 198 
5129 200 200 
5130 200 200 
5131 200 200 
5132 200 200 
5132 200 200 
5133 200 200 
5134 200 200 
5134 200 201 
5135 200 201 
5136 200 201 
5137 200 201 
5137 200 201 
5138 200 201 
5139 200 202 
5140 200 202 
5140 200 202 
5141 200 202 
5142 200 202 
5143 200 202 
5143 200 202 
5144 200 202 
5145 200 202 
5145 200 203 
5146 200 203 
5147 200 203 
5148 200 203 
5148 200 203 
5149 200 203 
5150 200 203 
5151 200 203 
5151 200 203 
5152 200 202 
5153 200 203 
5154 200 203 
5154 200 203 
5155 200 205 
5156 200 204 
5157 200 204 
5157 200 204 
5158 200 204 
5159 200 204 
5159 200 204 
5160 200 204 
5161 200 204 
5162 200 204 
5162 200 204 
5163 200 204 
5164 200 204 
5164 200 204 
5165 200 204 
5166 200 204 
5167 200 204 
5167 200 204 
5168 200 204 
5169 200 204 
5170 200 204 
5170 200 204 
5171 200 204 
5172 200 204 
5172 200 204 
5173 200 204 
5174 200 204 
5175 200 204 
5175 200 204 
5176 200 204 
5177 200 204 
5178 200 204 
5178 200 204 
5179 200 205 
5180 200 205 
5180 200 204 
5181 200 204 
5182 200 204 
5183 200 204 
5183 200 204 
5184 200 204 
5185 200 204 
5186 200 204 
5186 200 204 
5187 200 204 
5188 200 204 
5188 200 204 
5189 200 203 
5190 200 203 
5191 200 204 
5191 200 203 
5192 200 203 
5193 200 203 
5194 200 203 
5194 200 203 
5195 200 203 
5196 200 203 
5197 200 203 
5197 200 202 
5198 200 202 
5199 200 203 
5200 200 203 
5200 200 203 
5201 200 203 
5202 200 203 
5203 200 203 
5203 200 203 
5204 200 202 
5205 200 202 
5206 200 202 
5206 200 202 
5207 200 202 
5208 200 201 
5208 200 201 
5209 200 201 
5210 200 201 
5211 200 201 
5211 200 201 
5212 200 201 
5213 200 200 
5214 200 200 
5214 200 200 
5215 200 200 
5216 200 198 
5217 200 198 
5217 200 198 
5218 200 198 
5219 200 198 
5219 200 198 
5220 200 198 
5221 200 198 
5222 200 198 
5222 200 198 
5223 200 198 
5224 200 198 
5224 200 198 
5225 200 198 
5226 200 198 
5227 200 198 
5227 200 198 
5228 200 197 
5229 200 197 
5230 200 197 
5230 200 197 
5231 200 197 
5232 200 197 
5232 200 197 
5233 200 197 
5234 200 197 
5235 200 197 
5235 200 197 
5236 200 197 
5237 200 197 
5238 200 196 
5238 200 196 
5239 200 196 
5240 200 196 
5241 200 196 
5241 200 196 
5242 200 196 
5243 200 196 
5243 200 196 
5244 200 196 
5245 200 196 
5246 200 196 
5246 200 196 
5247 200 196 
5248 200 196 
5249 200 196 
5249 200 196 
5250 200 196 
5251 200 196 
5252 200 196 
5252 200 196 
5253 200 196 
5254 200 196 
5254 200 196 
5255 200 196 
5256 200 195 
5257 200 196 
5257 200 196 
5258 200 196 
5259 200 196 
5260 200 196 
5260 200 196 
5261 200 196 
5262 200 196 
5263 200 196 
5263 200 196 
5264 200 196 
5265 200 196 
5266 200 196 
5266 200 196 
5267 200 196 
5268 200 196 
5268 200 196 
5269 200 196 
5270 200 196 
5271 200 196 
5271 200 196 
5272 200 196 
5273 200 197 
5274 200 197 
5274 200 197 
5275 200 197 
5276 200 197 
5277 200 196 
5277 200 197 
5278 200 198 
5279 200 198 
5280 200 197 
5280 200 197 
5281 200 197 
5282 200 197 
5282 200 197 
5283 200 198 
5284 200 198 
5285 200 197 
5285 200 198 
5286 200 198 
5287 200 198 
5287 200 198 
5288 200 198 
5289 200 198 
5290 200 198 
5290 200 198 
5291 200 198 
5292 200 198 
5293 200 198 
5293 200 198 
5294 200 198 
5295 200 198 
5296 200 198 
5296 200 198 
5297 200 198 
5298 200 198 
5298 200 198 
5299 200 198 
5300 200 200 
5301 200 198 
5301 200 198 
5302 200 200 
5303 200 200 
5303 200 200 
5304 200 200 
5305 200 200 
5306 200 200 
5306 200 200 
5307 200 200 
5308 200 200 
5308 200 200 
5309 200 200 
5310 200 201 
5311 200 201 
5311 200 201 
5312 200 201 
5313 200 201 
5314 200 201 
5314 200 201 
5315 200 201 
5316 200 202 
5317 200 202 
5317 200 201 
5318 200 201 
5319 200 201 
5320 200 201 
5320 200 201 
5321 200 201 
5322 200 201 
5323 200 201 
5323 200 201 
5324 200 201 
5325 200 201 
5326 200 201 
5326 200 201 
5327 200 201 
5328 200 201 
5328 200 201 
5329 200 201 
5330 200 201 
5331 200 202 
5331 200 201 
5332 200 201 
5333 200 201 
5334 200 200 
5334 200 201 
5335 200 201 
5336 200 201 
5337 200 201 
5337 200 201 
5338 200 201 
5339 200 201 
5340 200 201 
5340 200 201 
5341 200 201 
5342 200 201 
5343 200 201 
5343 200 201 
5344 200 201 
5345 200 201 
5346 200 201 
5346 200 201 
5347 200 201 
5348 200 202 
5349 200 201 
5349 200 201 
5350 200 201 
5351 200 202 
5351 200 202 
5352 200 201 
5353 200 201 
5354 200 202 
5354 200 202 
5355 200 201 
5356 200 201 
5357 200 201 
5357 200 201 
5358 200 201 
5359 200 201 
5360 200 201 
5360 200 201 
5361 200 201 
5362 200 201 
5363 200 201 
5363 200 201 
5364 200 201 
5365 200 201 
5366 200 201 
5366 200 201 
5367 200 200 
5368 200 200 
5369 200 201 
5369 200 201 
5370 200 201 
5371 200 201 
5372 200 201 
5372 200 201 
5373 200 201 
5374 200 201 
5375 200 202 
5375 200 201 
5376 200 201 
5377 200 201 
5377 200 201 
5378 200 201 
5379 200 201 
5380 200 201 
5380 200 201 
5381 200 202 
5382 200 202 
5383 200 201 
5383 200 201 
5384 200 201 
5385 200 201 
5386 200 202 
5386 200 201 
5387 200 201 
5388 200 201 
5389 200 201 
5389 200 201 
5390 200 201 
5391 200 201 
5392 200 201 
5392 200 201 
5393 200 201 
5394 200 201 
5395 200 201 
5395 200 201 
5396 200 201 
5397 200 201 
5398 200 201 
5398 200 201 
5399 200 201 
5400 200 201 
5400 200 201 
5401 200 201 
5402 200 201 
5403 200 201 
5403 200 201 
5404 200 201 
5405 200 201 
5406 200 201 
5406 200 201 
5407 200 201 
5408 200 201 
5409 200 201 
5409 200 200 
5410 200 201 
5411 200 201 
5412 200 201 
5412 200 201 
5413 200 201 
5414 200 201 
5415 200 201 
5415 200 201 
5416 200 201 
5417 200 201 
5418 200 201 
5418 200 201 
5419 200 201 
5420 200 201 
5421 200 201 
5421 200 201 
5422 200 201 
5423 200 201 
5424 200 201 
5424 200 201 
5425 200 201 
5426 200 201 
5426 200 201 
5427 200 201 
5428 200 201 
5429 200 201 
5430 200 201 
5430 200 201 
5431 200 201 
5432 200 201 
5433 200 201 
5433 200 201 
5434 200 201 
5435 200 201 
5435 200 201 
5436 200 201 
5437 200 201 
5438 200 202 
5438 200 202 
5439 200 202 
5440 200 201 
5441 200 201 
5441 200 201 
5442 200 201 
5443 200 201 
5444 200 201 
5444 200 201 
5445 200 201 
5446 200 201 
5446 200 201 
5447 200 201 
5448 200 201 
5449 200 201 
5449 200 201 
5450 200 201 
5451 200 201 
5452 200 201 
5452 200 201 
5453 200 201 
5454 200 201 
5454 200 201 
5455 200 201 
5456 200 201 
5457 200 201 
5457 200 201 
5458 200 201 
5459 200 201 
5460 200 201 
5460 200 201 
5461 200 201 
5462 200 201 
5463 200 201 
5463 200 201 
5464 200 201 
5465 200 201 
5466 200 201 
5466 200 201 
5467 200 201 
5468 200 201 
5469 200 201 
5469 200 201 
5470 200 201 
5471 200 201 
5472 200 201 
5472 200 201 
5473 200 201 
5474 200 201 
5474 200 201 
5475 200 201 
5476 200 201 
5477 200 201 
5478 200 201 
5478 200 201 
5479 200 201 
5480 200 201 
5481 200 201 
5481 200 201 
5482 200 202 
5483 200 201 
5483 200 201 
5484 200 201 
5485 200 201 
5486 200 201 
5486 200 201 
5487 200 201 
5488 200 201 
5489 200 201 
5489 200 201 
5490 200 201 
5491 200 201 
5492 200 201 
5492 200 201 
5493 200 201 
5494 200 200 
5495 200 201 
5495 200 201 
5496 200 201 
5497 200 201 
5497 200 201 
5498 200 201 
5499 200 202 
5500 200 201 
5500 200 201 
5501 200 201 
5502 200 201 
5503 200 201 
5503 200 201 
5504 200 201 
5505 200 201 
5506 200 201 
5506 200 201 
5507 200 201 
5508 200 201 
5509 200 201 
5509 200 201 
5510 200 201 
5511 200 201 
5511 200 201 
5512 200 201 
5513 200 201 
5514 200 201 
5514 200 201 
5515 200 200 
5516 200 200 
5517 200 201 
5517 200 201 
5518 200 201 
5519 200 201 
5520 200 201 
5520 200 201 
5521 200 201 
5522 200 201 
5523 200 201 
5523 200 200 
5524 200 200 
5525 200 201 
5526 200 201 
5526 200 201 
5527 200 201 
5528 200 201 
5529 200 201 
5529 200 201 
5530 200 201 
5531 200 201 
5531 200 201 
5532 200 201 
5533 200 201 
5534 200 201 
5534 200 201 
5535 200 201 
5536 200 201 
5537 200 200 
5537 200 200 
5538 200 202 
5539 200 201 
5540 200 201 
5540 200 201 
5541 200 201 
5542 200 201 
5542 200 201 
5543 200 201 
5544 200 201 
5545 200 201 
5545 200 201 
5546 200 201 
5547 200 201 
5548 200 201 
5548 200 201 
5549 200 201 
5550 200 201 
5550 200 201 
5551 200 201 
5552 200 201 
5553 200 201 
5554 200 201 
5554 200 201 
5555 200 201 
5556 200 201 
5556 200 201 
5557 200 201 
5558 200 201 
5559 200 201 
5559 200 201 
5560 200 201 
5561 200 201 
5562 200 201 
5562 200 201 
5563 200 201 
5564 200 201 
5565 200 201 
5565 200 201 
5566 200 201 
5567 200 201 
5568 200 201 
5568 200 201 
5569 200 201 
5570 200 201 
5571 200 201 
5571 200 201 
5572 200 201 
5573 200 201 
5574 200 201 
5574 200 201 
5575 200 201 
5576 200 201 
5577 200 201 
5577 200 201 
5578 200 201 
5579 200 201 
5580 200 201 
5580 200 201 
5581 200 201 
5582 200 201 
5583 200 201 
5583 200 201 
5584 200 201 
5585 200 201 
5586 200 201 
5586 200 201 
5587 200 201 
5588 200 201 
5589 200 201 
5589 200 201 
5590 200 201 
5591 200 201 
5591 200 201 
5592 200 201 
5593 200 201 
5594 200 201 
5594 200 201 
5595 200 201 
5596 200 201 
5597 200 201 
5597 200 200 
5598 200 201 
5599 200 201 
5600 200 201 
5600 200 201 
5601 200 201 
5602 200 201 
5603 200 201 
5603 200 201 
5604 200 201 
5605 200 201 
5606 200 201 
5606 200 202 
5607 200 201 
5608 200 201 
5608 200 201 
5609 200 200 
5610 200 200 
5611 200 201 
5611 200 201 
5612 200 201 
5613 200 201 
5614 200 201 
5614 200 201 
5615 200 201 
5616 200 201 
5617 200 201 
5617 200 201 
5618 200 201 
5619 200 201 
5620 200 201 
5620 200 201 
5621 200 201 
5622 200 201 
5623 200 201 
5623 200 201 
5624 200 201 
5625 200 201 
5626 200 201 
5626 200 201 
5627 200 201 
5628 200 201 
5628 200 201 
5629 200 201 
5630 200 201 
5631 200 201 
5632 200 201 
5632 200 201 
5633 200 200 
5634 200 201 
5635 200 201 
5635 200 201 
5636 200 201 
5637 200 201 
5637 200 201 
5638 200 201 
5639 200 201 
5640 200 201 
5640 200 201 
5641 200 201 
5642 200 201 
5643 200 201 
5643 200 201 
5644 200 201 
5645 200 201 
5645 200 201 
5646 200 201 
5647 200 201 
5648 200 201 
5648 200 201 
5649 200 201 
5650 200 201 
5651 200 201 
5651 200 201 
5652 200 201 
5653 200 201 
5654 200 201 
5654 200 201 
5655 200 201 
5656 200 201 
5657 200 201 
5657 200 201 
5658 200 201 
5659 200 201 
5660 200 201 
5660 200 202 
5661 200 201 
5662 200 201 
5663 200 201 
5663 200 201 
5664 200 201 
5665 200 201 
5666 200 202 
5666 200 201 
5667 200 201 
5668 200 201 
5668 200 201 
5669 200 201 
5670 200 201 
5671 200 201 
5671 200 201 
5672 200 201 
5673 200 201 
5674 200 201 
5674 200 201 
5675 200 201 
5676 200 201 
5677 200 201 
5677 200 201 
5678 200 201 
5679 200 201 
5680 200 201 
5680 200 201 
5681 200 201 
5682 200 201 
5683 200 201 
5683 200 201 
5684 200 201 
5685 200 201 
5686 200 201 
5686 200 201 
5687 200 202 
5688 200 201 
5688 200 201 
5689 200 201 
5690 200 201 
5691 200 201 
5692 350 201 
5692 350 201 
5693 350 201 
5694 350 201 
5695 350 201 
5695 350 201 
5696 350 201 
5697 350 201 
5698 350 201 
5698 350 201 
5699 350 200 
5700 350 201 
5701 350 201 
5701 350 201 
5702 350 202 
5703 350 202 
5704 350 202 
5704 350 201 
5705 350 203 
5706 350 203 
5707 350 203 
5707 350 204 
5708 350 205 
5709 350 205 
5710 350 206 
5710 350 208 
5711 350 208 
5712 350 206 
5712 350 210 
5713 350 211 
5714 350 211 
5715 350 211 
5715 350 213 
5716 350 214 
5717 350 214 
5718 350 215 
5718 350 217 
5719 350 217 
5720 350 218 
5721 350 219 
5721 350 220 
5722 350 220 
5723 350 220 
5724 350 221 
5724 350 221 
5725 350 223 
5726 350 225 
5727 350 228 
5727 350 228 
5728 350 227 
5729 350 228 
5730 350 229 
5730 350 229 
5731 350 231 
5732 350 231 
5732 350 231 
5733 350 234 
5734 350 235 
5735 350 236 
5735 350 236 
5736 350 236 
5737 350 237 
5738 350 237 
5738 350 238 
5739 350 240 
5740 350 240 
5740 350 240 
5741 350 242 
5742 350 244 
5743 350 245 
5743 350 245 
5744 350 246 
5745 350 247 
5746 350 248 
5746 350 248 
5747 350 250 
5748 350 252 
5749 350 252 
5749 350 253 
5750 350 254 
5751 350 255 
5752 350 255 
5752 350 258 
5753 350 259 
5754 350 261 
5755 350 261 
5755 350 261 
5756 350 263 
5757 350 263 
5758 350 265 
5758 350 267 
5759 350 268 
5760 350 268 
5761 350 270 
5761 350 271 
5762 350 272 
5763 350 272 
5764 350 275 
5764 350 277 
5765 350 277 
5766 350 278 
5767 350 279 
5767 350 281 
5768 350 281 
5769 350 283 
5770 350 285 
5770 350 287 
5771 350 287 
5772 350 288 
5773 350 289 
5773 350 289 
5774 350 292 
5775 350 294 
5776 350 295 
5776 350 295 
5777 350 297 
5778 350 298 
5779 350 301 
5779 350 301 
5780 350 302 
5781 350 304 
5781 350 304 
5782 350 308 
5783 350 309 
5784 350 310 
5784 350 310 
5785 350 312 
5786 350 314 
5787 350 314 
5787 350 316 
5788 350 318 
5789 350 320 
5789 350 320 
5790 350 321 
5791 350 324 
5792 350 324 
5792 350 325 
5793 350 327 
5794 350 329 
5795 350 329 
5795 350 331 
5796 350 331 
5797 350 331 
5797 350 333 
5798 350 334 
5799 350 334 
5800 350 334 
5800 350 337 
5801 350 339 
5802 350 339 
5803 350 340 
5803 350 341 
5804 350 342 
5805 350 342 
5806 350 343 
5806 350 343 
5807 350 345 
5808 350 345 
5809 350 347 
5809 350 347 
5810 350 347 
5811 350 348 
5811 350 349 
5812 350 349 
5813 350 349 
5814 350 351 
5814 350 352 
5815 350 352 
5816 350 352 
5817 350 354 
5817 350 354 
5818 350 354 
5819 350 355 
5820 350 356 
5820 350 356 
5821 350 356 
5822 350 357 
5823 350 358 
5823 350 358 
5824 350 358 
5825 350 358 
5826 350 359 
5826 350 359 
5827 350 360 
5828 350 360 
5828 350 360 
5829 350 360 
5830 350 362 
5831 350 362 
5831 350 362 
5832 350 362 
5833 350 362 
5834 350 363 
5834 350 363 
5835 350 363 
5836 350 363 
5837 350 363 
5837 350 364 
5838 350 364 
5839 350 364 
5839 350 364 
5840 350 365 
5841 350 365 
5842 350 365 
5843 350 365 
5843 350 365 
5844 350 366 
5845 350 366 
5846 350 366 
5846 350 366 
5847 350 366 
5848 350 366 
5848 350 366 
5849 350 367 
5850 350 366 
5851 350 366 
5851 350 366 
5852 350 366 
5853 350 366 
5854 350 366 
5854 350 367 
5855 350 367 
5856 350 367 
5857 350 366 
5857 350 366 
5858 350 366 
5859 350 366 
5860 350 366 
5860 350 366 
5861 350 366 
5862 350 366 
5863 350 366 
5863 350 366 
5864 350 366 
5865 350 366 
5866 350 366 
5866 350 366 
5867 350 366 
5868 350 366 
5869 350 366 
5869 350 365 
5870 350 365 
5871 350 365 
5872 350 365 
5872 350 365 
5873 350 364 
5874 350 364 
5875 350 364 
5875 350 364 
5876 350 364 
5877 350 365 
5878 350 365 
5878 350 364 
5879 350 364 
5880 350 363 
5880 350 363 
5881 350 363 
5882 350 363 
5883 350 363 
5883 350 363 
5884 350 362 
5885 350 362 
5886 350 362 
5886 350 360 
5887 350 360 
5888 350 360 
5889 350 360 
5889 350 360 
5890 350 359 
5891 350 359 
5892 350 359 
5892 350 358 
5893 350 358 
5894 350 358 
5895 350 358 
5895 350 358 
5896 350 357 
5897 350 357 
5897 350 357 
5898 350 357 
5899 350 356 
5900 350 356 
5901 350 356 
5901 350 356 
5902 350 356 
5903 350 356 
5904 350 355 
5904 350 355 
5905 350 355 
5906 350 354 
5906 350 354 
5907 350 354 
5908 350 354 
5909 350 354 
5909 350 352 
5910 350 352 
5911 350 352 
5912 350 351 
5912 350 351 
5913 350 351 
5914 350 351 
5915 350 351 
5915 350 350 
5916 350 350 
5917 350 350 
5918 350 350 
5918 350 350 
5919 350 350 
5920 350 349 
5921 350 349 
5921 350 349 
5922 350 349 
5923 350 349 
5923 350 349 
5924 350 348 
5925 350 348 
5926 350 348 
5926 350 348 
5927 350 348 
5928 350 347 
5928 350 347 
5929 350 347 
5930 350 345 
5931 350 347 
5931 350 347 
5932 350 347 
5933 350 347 
5934 350 347 
5934 350 347 
5935 350 347 
5936 350 347 
5937 350 347 
5937 350 347 
5938 350 347 
5939 350 347 
5940 350 347 
5940 350 347 
5941 350 345 
5942 350 345 
5942 350 345 
5943 350 345 
5944 350 345 
5945 350 345 
5945 350 345 
5946 350 345 
5947 350 345 
5948 350 345 
5949 350 345 
5949 350 345 
5950 350 345 
5951 350 345 
5952 350 345 
5952 350 347 
5953 350 347 
5954 350 345 
5954 350 345 
5955 350 345 
5956 350 345 
5957 350 345 
5957 350 344 
5958 350 344 
5959 350 345 
5960 350 345 
5960 350 345 
5961 350 345 
5962 350 345 
5963 350 345 
5963 350 345 
5964 350 345 
5965 350 345 
5966 350 345 
5966 350 345 
5967 350 345 
5968 350 345 
5969 350 345 
5969 350 345 
5970 350 345 
5971 350 345 
5972 350 345 
5972 350 345 
5973 350 345 
5974 350 345 
5975 350 347 
5975 350 347 
5976 350 347 
5977 350 347 
5977 350 347 
5978 350 347 
5979 350 347 
5980 350 347 
5980 350 347 
5981 350 347 
5982 350 347 
5983 350 347 
5983 350 347 
5984 350 347 
5985 350 348 
5985 350 348 
5986 350 348 
5987 350 348 
5988 350 348 
5988 350 348 
5989 350 348 
5990 350 348 
5991 350 348 
5991 350 348 
5992 350 348 
5993 350 348 
5993 350 348 
5994 350 348 
5995 350 348 
5996 350 348 
5996 350 350 
5997 350 348 
5998 350 348 
5999 350 348 
5999 350 348 
6000 350 348 
6001 350 348 
6002 350 348 
6002 350 349 
6003 350 349 
6004 350 349 
6004 350 349 
6005 350 349 
6006 350 349 
6007 350 349 
6007 350 349 
6008 350 349 
6009 350 349 
6010 350 349 
6010 350 349 
6011 350 349 
6012 350 349 
6012 350 349 
6013 350 349 
6014 350 350 
6015 350 350 
6015 350 350 
6016 350 350 
6017 350 350 
6018 350 350 
6018 350 350 
6019 350 350 
6020 350 350 
6021 350 350 
6021 350 349 
6022 350 351 
6023 350 350 
6023 350 350 
6024 350 350 
6025 350 350 
6025 350 350 
6026 350 350 
6027 350 351 
6028 350 351 
6028 350 351 
6029 350 351 
6030 350 351 
6031 350 351 
6031 350 351 
6032 350 351 
6033 350 351 
6034 350 351 
6034 350 351 
6035 350 351 
6036 350 351 
6037 350 351 
6037 350 351 
6038 350 351 
6039 350 351 
6040 350 350 
6040 350 351 
6041 350 351 
6042 350 351 
6043 350 351 
6043 350 351 
6044 350 351 
6045 350 351 
6046 350 351 
6046 350 351 
6047 350 351 
6048 350 351 
6048 350 352 
6049 350 351 
6050 350 351 
6051 350 351 
6051 350 350 
6052 350 351 
6053 350 351 
6054 350 351 
6054 350 351 
6055 350 351 
6056 350 351 
6057 350 351 
6057 350 352 
6058 350 352 
6059 350 351 
6060 350 351 
6060 350 351 
6061 350 351 
6062 350 351 
6063 350 351 
6063 350 351 
6064 350 351 
6065 350 351 
6066 350 351 
6066 350 351 
6067 350 350 
6068 350 352 
6069 350 351 
6069 350 351 
6070 350 351 
6071 350 349 
6072 350 351 
6072 350 351 
6073 350 351 
6074 350 351 
6074 350 351 
6075 350 350 
6076 350 351 
6077 350 351 
6077 350 351 
6078 350 351 
6079 350 351 
6080 350 351 
6080 350 351 
6081 350 351 
6082 350 351 
6083 350 351 
6083 350 351 
6084 350 351 
6085 350 351 
6086 350 351 
6086 350 351 
6087 350 351 
6088 350 351 
6088 350 351 
6089 350 351 
6090 350 351 
6091 350 351 
6091 350 351 
6092 350 351 
6093 350 351 
6094 350 351 
6094 350 351 
6095 350 351 
6096 350 351 
6097 350 351 
6097 350 351 
6098 350 352 
6099 350 352 
6100 350 351 
6100 350 351 
6101 350 351 
6102 350 351 
6103 350 351 
6103 350 351 
6104 350 351 
6105 350 351 
6106 350 351 
6106 350 351 
6107 350 351 
6108 350 351 
6109 350 351 
6109 350 351 
6110 350 351 
6111 350 351 
6112 350 351 
6112 350 351 
6113 350 351 
6114 350 351 
6115 350 351 
6115 350 351 
6116 350 351 
6117 350 351 
6118 350 351 
6118 350 351 
6119 350 351 
6120 350 351 
6120 350 351 
6121 350 351 
6122 350 351 
6123 350 351 
6123 350 351 
6124 350 351 
6125 350 351 
6126 350 351 
6126 350 351 
6127 350 351 
6128 350 351 
6129 350 351 
6129 350 351 
6130 350 351 
6131 350 351 
6132 350 351 
6132 350 349 
6133 350 351 
6134 350 350 
6135 350 350 
6135 350 351 
6136 350 351 
6137 350 351 
6138 350 351 
6138 350 351 
6139 350 351 
6140 350 351 
6141 350 350 
6141 350 351 
6142 350 351 
6143 350 351 
6144 350 351 
6144 350 351 
6145 350 351 
6146 350 351 
6147 350 351 
6147 350 351 
6148 350 351 
6149 350 350 
6149 350 350 
6150 350 351 
6151 350 351 
6152 350 350 
6152 350 350 
6153 350 350 
6154 350 351 
6155 350 350 
6155 350 350 
6156 350 350 
6157 350 351 
6158 350 350 
6158 350 350 
6159 350 350 
6160 350 350 
6160 350 350 
6161 350 350 
6162 350 350 
6163 350 350 
6163 350 350 
6164 350 350 
6165 350 350 
6166 350 350 
6166 350 350 
6167 350 350 
6168 350 349 
6169 350 349 
6169 350 350 
6170 350 351 
6171 350 350 
6171 350 350 
6172 350 350 
6173 350 350 
6174 350 350 
6174 350 350 
6175 350 350 
6176 350 350 
6176 350 350 
6177 350 350 
6178 350 350 
6179 350 350 
6179 350 350 
6180 350 350 
6181 350 350 
6182 350 350 
6182 350 350 
6183 350 350 
6184 350 350 
6184 350 351 
6185 350 350 
6186 350 350 
6187 350 350 
6187 350 350 
6188 350 350 
6189 350 350 
6190 350 350 
6190 350 350 
6191 350 350 
6192 350 350 
6192 350 349 
6193 350 350 
6194 350 350 
6195 350 350 
6195 350 350 
6196 350 350 
6197 350 349 
6198 350 350 
6198 350 350 
6199 350 350 
6200 350 350 
6201 350 350 
6201 350 350 
6202 350 350 
6203 350 350 
6203 350 350 
6204 350 350 
6205 350 350 
6206 350 349 
6206 350 349 
6207 350 350 
6208 350 350 
6209 350 350 
6209 350 350 
6210 350 350 
6211 350 350 
6211 350 350 
6212 350 350 
6213 350 350 
6214 350 350 
6214 350 350 
6215 350 350 
6216 350 350 
6217 350 350 
6217 350 350 
6218 350 350 
6219 350 351 
6219 350 351 
6220 350 350 
6221 350 350 
6222 350 350 
6222 350 350 
6223 350 350 
6224 350 350 
6225 350 350 
6225 350 350 
6226 350 350 
6227 350 350 
6228 350 350 
6228 350 350 
6229 350 350 
6230 350 350 
6230 350 350 
6231 350 350 
6232 350 350 
6233 350 350 
6233 350 350 
6234 350 350 
6235 350 350 
6236 350 350 
6236 350 350 
6237 350 350 
6238 350 350 
6239 350 350 
6239 350 350 
6240 350 350 
6241 350 350 
6241 350 349 
6242 350 350 
6243 350 350 
6244 350 350 
6244 350 350 
6245 350 350 
6246 350 350 
6247 350 352 
6247 350 351 
6248 350 351 
6249 350 350 
6249 350 350 
6250 350 350 
6251 350 352 
6252 350 350 
6252 350 350 
6253 350 350 
6254 350 350 
6255 350 350 
6255 350 350 
6256 350 350 
6257 350 350 
6258 350 350 
6258 350 350 
6259 350 350 
6260 350 350 
6261 350 350 
6261 350 350 
6262 350 350 
6263 350 349 
6263 350 349 
6264 350 350 
6265 350 350 
6266 350 350 
6266 350 350 
6267 350 350 
6268 350 350 
6268 350 350 
6269 350 351 
6270 350 350 
6271 350 350 
6271 350 350 
6272 350 350 
6273 350 349 
6274 350 349 
6274 350 350 
6275 350 350 
6276 350 350 
6277 350 350 
6277 350 350 
6278 350 350 
6279 350 350 
6279 350 351 
6280 350 350 
6281 350 350 
6282 350 350 
6282 350 350 
6283 350 350 
6284 350 350 
6285 350 350 
6285 350 350 
6286 350 350 
6287 350 350 
6288 350 350 
6288 350 350 
6289 350 350 
6290 350 350 
6290 350 350 
6291 350 350 
6292 350 350 
6293 350 350 
6293 350 350 
6294 350 350 
6295 350 350 
6296 350 352 
6296 350 350 
6297 350 350 
6298 350 351 
6299 350 350 
6299 350 350 
6300 350 351 
6301 350 350 
6301 350 350 
6302 350 350 
6303 350 350 
6304 350 350 
6304 350 350 
6305 350 350 
6306 350 350 
6307 350 350 
6307 350 350 
6308 350 350 
6309 350 350 
6309 350 350 
6310 350 350 
6311 350 350 
6312 350 350 
6312 350 350 
6313 350 350 
6314 350 349 
6314 350 349 
6315 350 350 
6316 350 351 
6317 350 350 
6317 350 350 
6318 350 350 
6319 350 350 
6320 350 350 
6320 350 351 
6321 350 350 
6322 350 350 
6322 350 350 
6323 350 350 
6324 350 350 
6325 350 350 
6325 350 350 
6326 350 351 
6327 350 350 
6328 350 350 
6328 350 350 
6329 350 350 
6330 350 350 
6331 350 350 
6331 350 350 
6332 350 350 
6333 350 350 
6333 350 350 
6334 350 351 
6335 350 351 
6336 350 350 
6336 350 350 
6337 350 350 
6338 350 350 
6339 350 350 
6339 350 350 
6340 350 350 
6341 350 350 
6341 350 349 
6342 350 349 
6343 350 350 
6344 350 350 
6344 350 350 
6345 350 350 
6346 350 350 
6347 350 350 
6347 350 350 
6348 350 350 
6349 350 350 
6349 350 350 
6350 350 350 
6351 350 350 
6352 350 350 
6352 350 350 
6353 350 350 
6354 350 350 
6355 350 350 
6355 350 350 
6356 350 350 
6357 350 350 
6358 350 350 
6358 350 350 
6359 350 350 
6360 350 350 
6360 350 350 
6361 350 350 
6362 350 350 
6362 350 350 
6363 350 350 
6364 350 351 
6365 350 350 
6365 350 350 
6366 350 351 
6367 350 350 
6368 350 350 
6368 350 350 
6369 350 350 
6370 350 350 
6371 350 350 
6371 350 350 
6372 350 350 
6373 350 350 
6374 350 350 
6374 350 350 
6375 350 350 
6376 350 350 
6376 350 350 
6377 350 350 
6378 350 351 
6379 350 351 
6379 350 351 
6380 350 350 
6381 350 350 
6382 350 350 
6382 350 350 
6383 350 350 
6384 350 350 
6385 350 350 
6385 350 350 
6386 350 350 
6387 350 350 
6387 350 350 
6388 350 350 
6389 350 350 
6390 350 350 
6390 350 350 
6391 350 350 
6392 350 350 
6393 350 350 
6393 350 350 
6394 350 350 
6395 350 350 
6396 350 350 
6396 350 350 
6397 350 350 
6398 350 350 
6398 350 350 
6399 350 350 
6400 350 350 
6401 350 350 
6401 350 350 
6402 350 349 
6403 350 350 
6404 350 350 
6404 350 350 
6405 350 350 
6406 350 350 
6406 350 350 
6407 350 350 
6408 350 350 
6409 350 350 
6409 350 350 
6410 350 350 
6411 350 350 
6411 350 350 
6412 350 350 
6413 350 350 
6414 350 350 
6414 350 350 
6415 350 351 
6416 350 350 
6416 350 350 
6417 350 350 
6418 350 350 
6419 350 350 
6419 350 350 
6420 350 350 
6421 350 350 
6422 350 350 
6422 350 351 
6423 350 350 
6424 350 350 
6425 350 350 
6425 350 350 
6426 350 350 
6427 350 350 
6427 350 350 
6428 350 350 
6429 350 350 
6430 350 350 
6430 350 350 
6431 350 350 
6432 350 350 
6433 350 350 
6433 350 350 
6434 350 350 
6435 350 350 
6435 350 351 
6436 350 350 
6437 350 350 
6438 350 350 
6438 350 350 
6439 350 350 
6440 350 350 
6441 350 350 
6441 350 350 
6442 350 350 
6443 350 350 
6443 350 350 
6444 350 350 
6445 350 350 
6446 350 350 
6446 350 350 
6447 350 350 
6448 350 350 
6449 350 350 
6449 350 350 
6450 350 350 
6451 350 350 
6451 350 350 
6452 350 350 
6453 350 349 
6454 350 350 
6454 350 350 
6455 350 350 
6456 350 350 
6457 350 350 
6457 350 350 
6458 350 350 
6459 350 350 
6459 350 350 
6460 350 350 
6461 350 350 
6462 350 350 
6462 350 350 
6463 350 351 
6464 350 350 
6464 350 350 
6465 350 350 
6466 350 350 
6467 350 350 
6467 350 350 
6468 350 350 
6469 350 350 
6470 350 350 
6470 350 350 
6471 350 350 
6472 350 350 
6473 350 350 
6473 350 350 
6474 350 350 
6475 350 350 
6476 200 350 
6477 200 350 
6477 200 350 
6478 200 350 
6479 200 350 
6480 200 350 
6480 200 350 
6481 200 350 
6482 200 350 
6483 200 350 
6483 200 350 
6484 200 350 
6485 200 349 
6486 200 349 
6486 200 348 
6487 200 348 
6488 200 348 
6489 200 347 
6489 200 347 
6490 200 347 
6491 200 344 
6492 200 343 
6492 200 343 
6493 200 343 
6494 200 342 
6495 200 339 
6495 200 339 
6496 200 339 
6497 200 339 
6498 200 337 
6498 200 337 
6499 200 335 
6500 200 334 
6501 200 333 
6501 200 333 
6502 200 332 
6503 200 331 
6504 200 331 
6504 200 331 
6505 200 329 
6506 200 327 
6506 200 327 
6507 200 327 
6508 200 326 
6509 200 324 
6509 200 324 
6510 200 322 
6511 200 321 
6512 200 321 
6512 200 320 
6513 200 319 
6514 200 318 
6515 200 318 
6515 200 317 
6516 200 316 
6517 200 314 
6518 200 314 
6518 200 313 
6519 200 312 
6520 200 312 
6520 200 311 
6521 200 310 
6522 200 309 
6523 200 309 
6523 200 308 
6524 200 306 
6525 200 305 
6526 200 305 
6526 200 305 
6527 200 303 
6528 200 303 
6529 200 302 
6529 200 301 
6530 200 300 
6531 200 300 
6532 200 298 
6532 200 297 
6533 200 296 
6534 200 296 
6535 200 295 
6535 200 294 
6536 200 294 
6537 200 293 
6538 200 292 
6538 200 289 
6539 200 289 
6540 200 289 
6541 200 288 
6541 200 286 
6542 200 286 
6543 200 286 
6544 200 285 
6544 200 283 
6545 200 283 
6546 200 281 
6547 200 281 
6547 200 281 
6548 200 279 
6549 200 278 
6550 200 276 
6550 200 276 
6551 200 275 
6552 200 273 
6553 200 273 
6553 200 271 
6554 200 269 
6555 200 269 
6555 200 269 
6556 200 267 
6557 200 264 
6558 200 263 
6558 200 263 
6559 200 262 
6560 200 260 
6561 200 259 
6561 200 259 
6562 200 258 
6563 200 255 
6564 200 255 
6564 200 253 
6565 200 252 
6566 200 251 
6567 200 251 
6567 200 248 
6568 200 246 
6569 200 245 
6570 200 245 
6570 200 244 
6571 200 243 
6572 200 243 
6573 200 240 
6573 200 238 
6574 200 238 
6575 200 238 
6576 200 236 
6576 200 234 
6577 200 233 
6578 200 233 
6579 200 230 
6579 200 229 
6580 200 229 
6581 200 228 
6582 200 226 
6582 200 223 
6583 200 223 
6584 200 222 
6585 200 220 
6585 200 219 
6586 200 219 
6587 200 217 
6588 200 215 
6588 200 215 
6589 200 213 
6590 200 212 
6590 200 211 
6591 200 211 
6592 200 210 
6593 200 208 
6593 200 206 
6594 200 206 
6595 200 205 
6596 200 204 
6596 200 204 
6597 200 203 
6598 200 202 
6599 200 203 
6599 200 203 
6600 200 200 
6601 200 198 
6601 200 198 
6602 200 198 
6603 200 197 
6604 200 197 
6604 200 197 
6605 200 196 
6606 200 196 
6607 200 196 
6607 200 195 
6608 200 193 
6609 200 193 
6609 200 193 
6610 200 193 
6611 200 192 
6612 200 192 
6613 200 192 
6613 200 191 
6614 200 191 
6615 200 191 
6615 200 191 
6616 200 189 
6617 200 188 
6618 200 188 
6618 200 188 
6619 200 188 
6620 200 188 
6621 200 187 
6621 200 187 
6622 200 187 
6623 200 187 
6624 200 186 
6624 200 186 
6625 200 186 
6626 200 186 
6626 200 185 
6627 200 185 
6628 200 185 
6629 200 185 
6629 200 185 
6630 200 185 
6631 200 185 
6632 200 184 
6632 200 184 
6633 200 184 
6634 200 184 
6635 200 184 
6635 200 184 
6636 200 184 
6637 200 183 
6638 200 183 
6638 200 183 
6639 200 184 
6640 200 183 
6641 200 183 
6641 200 183 
6642 200 183 
6643 200 183 
6644 200 183 
6644 200 183 
6645 200 183 
6646 200 183 
6647 200 183 
6647 200 183 
6648 200 183 
6649 200 183 
6649 200 183 
6650 200 183 
6651 200 183 
6652 200 183 
6652 200 183 
6653 200 183 
6654 200 183 
6655 200 183 
6655 200 183 
6656 200 183 
6657 200 183 
6657 200 183 
6658 200 183 
6659 200 184 
6660 200 184 
6660 200 184 
6661 200 184 
6662 200 184 
6663 200 184 
6663 200 184 
6664 200 184 
6665 200 184 
6665 200 184 
6666 200 185 
6667 200 185 
6668 200 185 
6669 200 186 
6669 200 186 
6670 200 186 
6671 200 186 
6671 200 186 
6672 200 187 
6673 200 187 
6674 200 189 
6674 200 188 
6675 200 188 
6676 200 188 
6677 200 189 
6677 200 191 
6678 200 191 
6679 200 191 
6680 200 192 
6680 200 192 
6681 200 192 
6682 200 193 
6683 200 193 
6683 200 193 
6684 200 192 
6685 200 194 
6685 200 194 
6686 200 194 
6687 200 194 
6688 200 195 
6688 200 196 
6689 200 196 
6690 200 196 
6691 200 197 
6691 200 197 
6692 200 197 
6693 200 197 
6694 200 197 
6694 200 197 
6695 200 198 
6696 200 196 
6697 200 200 
6697 200 200 
6698 200 198 
6699 200 198 
6699 200 198 
6700 200 200 
6701 200 200 
6702 200 200 
6702 200 198 
6703 200 200 
6704 200 200 
6704 200 200 
6705 200 201 
6706 200 201 
6707 200 201 
6707 200 201 
6708 200 202 
6709 200 202 
6710 200 202 
6710 200 202 
6711 200 202 
6712 200 202 
6713 200 202 
6713 200 202 
6714 200 203 
6715 200 203 
6716 200 203 
6716 200 203 
6717 200 203 
6718 200 203 
6719 200 203 
6719 200 203 
6720 200 203 
6721 200 203 
6721 200 203 
6722 200 203 
6723 200 203 
6724 200 204 
6724 200 204 
6725 200 204 
6726 200 204 
6727 200 204 
6727 200 204 
6728 200 204 
6729 200 205 
6730 200 204 
6730 200 204 
6731 200 204 
6732 200 204 
6732 200 204 
6733 200 204 
6734 200 204 
6735 200 204 
6735 200 204 
6736 200 204 
6737 200 204 
6738 200 204 
6738 200 204 
6739 200 204 
6740 200 204 
6740 200 204 
6741 200 204 
6742 200 204 
6743 200 204 
6743 200 204 
6744 200 204 
6745 200 204 
6746 200 204 
6746 200 204 
6747 200 205 
6748 200 204 
6748 200 204 
6749 200 204 
6750 200 204 
6751 200 204 
6751 200 204 
6752 200 204 
6753 200 204 
6753 200 204 
6754 200 204 
6755 200 204 
6756 200 204 
6756 200 204 
6757 200 204 
6758 200 204 
6759 200 204 
6759 200 204 
6760 200 204 
6761 200 204 
6762 200 203 
6762 200 204 
6763 200 203 
6764 200 203 
6764 200 204 
6765 200 203 
6766 200 203 
6767 200 203 
6767 200 203 
6768 200 203 
6769 200 203 
6770 200 203 
6770 200 203 
6771 200 203 
6772 200 203 
6773 200 203 
6773 200 203 
6774 200 203 
6775 200 202 
6776 200 202 
6776 200 202 
6777 200 202 
6778 200 202 
6778 200 202 
6779 200 202 
6780 200 201 
6781 200 201 
6781 200 201 
6782 200 201 
6783 200 201 
6784 200 200 
6784 200 200 
6785 200 202 
6786 200 200 
6787 200 198 
6787 200 198 
6788 200 198 
6789 200 198 
6789 200 198 
6790 200 198 
6791 200 198 
6792 200 197 
6792 200 197 
6793 200 198 
6794 200 198 
6794 200 198 
6795 200 198 
6796 200 198 
6797 200 198 
6797 200 198 
6798 200 197 
6799 200 197 
6799 200 197 
6800 200 197 
6801 200 197 
6802 200 197 
6802 200 197 
6803 200 197 
6804 200 197 
6805 200 197 
6805 200 197 
6806 200 197 
6807 200 197 
6807 200 197 
6808 200 196 
6809 200 197 
6810 200 197 
6810 200 196 
6811 200 196 
6812 200 196 
6813 200 197 
6813 200 196 
6814 200 196 
6815 200 196 
6816 200 197 
6816 200 196 
6817 200 196 
6818 200 196 
6818 200 196 
6819 200 196 
6820 200 196 
6821 200 196 
6821 200 196 
6822 200 196 
6823 200 196 
6824 200 196 
6824 200 196 
6825 200 196 
6826 200 196 
6827 200 196 
6827 200 196 
6828 200 196 
6829 200 196 
6829 200 196 
6830 200 196 
6831 200 196 
6832 200 196 
6832 200 196 
6833 200 196 
6834 200 196 
6835 200 196 
6835 200 196 
6836 200 196 
6837 200 196 
6838 200 196 
6838 200 196 
6839 200 196 
6840 200 196 
6841 200 196 
6841 200 196 
6842 200 197 
6843 200 196 
6843 200 196 
6844 200 196 
6845 200 196 
6846 200 197 
6846 200 197 
6847 200 196 
6848 200 197 
6848 200 197 
6849 200 197 
6850 200 197 
6851 200 197 
6851 200 197 
6852 200 197 
6853 200 197 
6854 200 197 
6854 200 196 
6855 200 197 
6856 200 197 
6856 200 197 
6857 200 197 
6858 200 197 
6859 200 197 
6859 200 198 
6860 200 198 
6861 200 198 
6862 200 198 
6862 200 198 
6863 200 198 
6864 200 198 
6865 200 198 
6865 200 198 
6866 200 198 
6867 200 198 
6867 200 198 
6868 200 198 
6869 200 198 
6870 200 198 
6870 200 198 
6871 200 198 
6872 200 198 
6873 200 198 
6873 200 198 
6874 200 198 
6875 200 198 
6875 200 198 
6876 200 198 
6877 200 200 
6878 200 200 
6878 200 200 
6879 200 200 
6880 200 200 
6881 200 200 
6881 200 200 
6882 200 200 
6883 200 200 
6884 200 200 
6884 200 200 
6885 200 200 
6886 200 200 
6886 200 200 
6887 200 201 
6888 200 201 
6889 200 201 
6889 200 201 
6890 200 201 
6891 200 201 
6891 200 201 
6892 200 201 
6893 200 201 
6894 200 201 
6894 200 201 
6895 200 200 
6896 200 201 
6897 200 201 
6897 200 201 
6898 200 201 
6899 200 201 
6900 200 201 
6900 200 201 
6901 200 201 
6902 200 201 
6903 200 201 
6903 200 201 
6904 200 201 
6905 200 201 
6905 200 201 
6906 200 201 
6907 200 201 
6908 200 201 
6908 200 201 
6909 200 201 
6910 200 201 
6911 200 201 
6912 200 201 
6912 200 201 
6913 200 201 
6914 200 201 
6914 200 201 
6915 200 201 
6916 200 201 
6917 200 201 
6917 200 201 
6918 200 201 
6919 200 201 
6920 200 200 
6920 200 201 
6921 200 201 
6922 200 201 
6923 200 201 
6923 200 201 
6924 200 201 
6925 200 201 
6926 200 201 
6926 200 201 
6927 200 201 
6928 200 201 
6929 200 202 
6929 200 202 
6930 200 201 
6931 200 201 
6932 200 201 
6932 200 201 
6933 200 201 
6934 200 201 
6935 200 201 
6935 200 201 
6936 200 200 
6937 200 202 
6937 200 202 
6938 200 201 
6939 200 201 
6939 200 201 
6940 200 201 
6941 200 202 
6942 200 201 
6942 200 201 
6943 200 201 
6944 200 201 
6945 200 201 
6945 200 201 
6946 200 201 
6947 200 201 
6948 200 201 
6948 200 201 
6949 200 201 
6950 200 201 
6951 200 201 
6951 200 201 
6952 200 201 
6953 200 201 
6954 200 201 
6954 200 201 
6955 200 201 
6956 200 201 
6957 200 201 
6957 200 201 
6958 200 201 
6959 200 201 
6960 200 202 
6960 200 201 
6961 200 201 
6962 200 200 
6962 200 201 
6963 200 201 
6964 200 201 
6965 200 201 
6965 200 201 
6966 200 202 
6967 200 202 
6968 200 201 
6968 200 201 
6969 200 201 
6970 200 201 
6971 200 201 
6971 200 200 
6972 200 200 
6973 200 201 
6973 200 201 
6974 200 201 
6975 200 201 
6976 200 201 
6976 200 201 
6977 200 201 
6978 200 201 
6979 200 201 
6979 200 201 
6980 200 201 
6981 200 201 
6982 200 201 
6982 200 201 
6983 200 201 
6984 200 201 
6985 200 201 
6985 200 201 
6986 200 201 
6987 200 201 
6987 200 201 
6988 200 201 
6989 200 201 
6990 200 201 
6990 200 201 
6991 200 201 
6992 200 201 
6993 200 201 
6993 200 201 
6994 200 201 
6995 200 201 
6996 200 201 
6996 200 201 
6997 200 201 
6998 200 201 
6999 200 201 
6999 200 201 
7000 200 201 
7001 200 201 
7001 200 201 
7002 200 201 
7003 200 201 
7004 200 201 
7004 200 201 
7005 200 201 
7006 200 201 
7007 200 201 
7007 200 201 
7008 200 201 
7009 200 201 
7010 200 201 
7010 200 201 
7011 200 201 
7012 200 201 
7013 200 201 
7013 200 201 
7014 200 201 
7015 200 201 
7016 200 201 
7016 200 201 
7017 200 201 
7018 200 201 
7019 200 201 
7019 200 201 
7020 200 201 
7021 200 201 
7022 200 201 
7022 200 201 
7023 200 201 
7024 200 201 
7025 200 201 
7025 200 201 
7026 200 201 
7027 200 201 
7028 200 201 
7028 200 201 
7029 200 201 
7030 200 201 
7030 200 201 
7031 200 201 
7032 200 201 
7033 200 201 
7033 200 201 
7034 200 201 
7035 200 201 
7036 200 201 
7036 200 201 
7037 200 201 
7038 200 201 
7039 200 201 
7039 200 201 
7040 200 201 
7041 200 201 
7042 200 201 
7042 200 201 
7043 200 201 
7044 200 201 
7044 200 201 
7045 200 201 
7046 200 201 
7047 200 201 
7047 200 201 
7048 200 201 
7049 200 201 
7050 200 201 
7050 200 201 
7051 200 201 
7052 200 201 
7053 200 201 
7053 200 201 
7054 200 201 
7055 200 201 
7056 200 201 
7056 200 201 
7057 200 201 
7058 200 201 
7059 200 201 
7059 200 201 
7060 200 201 
7061 200 201 
7062 200 201 
7062 200 201 
7063 200 201 
7064 200 201 
7065 200 201 
7065 200 201 
7066 200 201 
7067 200 202 
7068 200 201 
7068 200 201 
7069 200 201 
7070 200 201 
7070 200 201 
7071 200 201 
7072 200 201 
7073 200 201 
7073 200 201 
7074 200 201 
7075 200 201 
7076 200 201 
7076 200 201 
7077 200 201 
7078 200 201 
7079 200 201 
7079 200 201 
7080 200 201 
7081 200 201 
7081 200 201 
7082 200 201 
7083 200 201 
7084 200 201 
7084 200 201 
7085 200 201 
7086 200 201 
7087 200 201 
7087 200 201 
7088 200 201 
7089 200 201 
7089 200 201 
7090 200 201 
7091 200 201 
7092 200 201 
7092 200 201 
7093 200 201 
7094 200 200 
7095 200 200 
7095 200 201 
7096 200 201 
7097 200 201 
7098 200 200 
7098 200 202 
7099 200 201 
7100 200 201 
7100 200 201 
7101 200 201 
7102 200 201 
7103 200 201 
7103 200 201 
7104 200 201 
7105 200 201 
7106 200 201 
7106 200 201 
7107 200 201 
7108 200 201 
7109 200 201 
7109 200 201 
7110 200 201 
7111 200 201 
7112 200 201 
7112 200 201 
7113 200 201 
7114 200 201 
7115 200 201 
7115 200 201 
7116 200 201 
7117 200 200 
7118 200 201 
7118 200 201 
7119 200 200 
7120 200 201 
7121 200 201 
7121 200 201 
7122 200 201 
7123 200 201 
7124 200 201 
7124 200 201 
7125 200 201 
7126 200 201 
7127 200 201 
7127 200 201 
7128 200 201 
7129 200 201 
7129 200 201 
7130 200 201 
7131 200 201 
7132 200 201 
7132 200 201 
7133 200 201 
7134 200 201 
7135 200 201 
7135 200 201 
7136 200 201 
7137 200 201 
7138 200 201 
7138 200 201 
7139 200 202 
7140 200 201 
7141 200 201 
7141 200 201 
7142 200 201 
7143 200 201 
7144 200 201 
7144 200 201 
7145 200 201 
7146 200 201 
7147 200 201 
7147 200 201 
7148 200 201 
7149 200 201 
7149 200 200 
7150 200 201 
7151 200 201 
7152 200 201 
7152 200 201 
7153 200 201 
7154 200 201 
7155 200 201 
7155 200 201 
7156 200 201 
7157 200 201 
7158 200 201 
7158 200 201 
7159 200 201 
7160 200 201 
7161 200 201 
7161 200 201 
7162 200 201 
7163 200 201 
7164 200 201 
7164 200 201 
7165 200 201 
7166 200 202 
7166 200 201 
7167 200 201 
7168 200 201 
7169 200 200 
7169 200 200 
7170 200 201 
7171 200 201 
7172 200 201 
7172 200 201 
7173 200 201 
7174 200 201 
7175 200 201 
7175 200 201 
7176 200 201 
7177 200 200 
7177 200 200 
7178 200 201 
7179 200 201 
7180 200 201 
7180 200 201 
7181 200 201 
7182 200 201 
7183 200 201 
7183 200 201 
7184 200 201 
7185 200 201 
7186 200 201 
7186 200 201 
7187 200 198 
7188 200 201 
7189 200 201 
7189 200 201 
7190 200 201 
7191 200 201 
7191 200 201 
7192 200 201 
7193 200 201 
7194 200 201 
7194 200 201 
7195 200 201 
7196 200 201 
7197 200 201 
7197 200 201 
7198 200 201 
7199 200 201 
7200 200 201 
7200 200 201 
7201 200 201 
7202 200 201 
7203 200 201 
7203 200 201 
7204 200 201 
7205 200 201 
7206 200 201 
7206 200 201 
7207 200 201 
7208 200 201 
7209 200 201 
7209 200 201 
7210 200 201 
7211 200 201 
7211 200 201 
7212 200 201 
7213 200 201 
7214 200 201 
7214 200 201 
7215 200 201 
7216 200 201 
7217 200 201 
7217 200 201 
7218 200 201 
7219 200 201 
7220 200 201 
7220 200 201 
7221 200 201 
7222 200 201 
7223 200 201 
7223 200 201 
7224 200 201 
7225 200 201 
7225 200 201 
7226 200 200 
7227 200 201 
7228 200 201 
7228 200 201 
7229 200 201 
7230 200 200 
7231 200 200 
7231 200 201 
7232 200 201 
7233 200 201 
7233 200 201 
7234 200 201 
7235 200 201 
7236 200 201 
7236 200 201 
7237 200 198 
7238 200 201 
7239 200 201 
7239 200 201 
7240 200 201 
7241 200 201 
7242 200 201 
7242 200 201 
7243 200 201 
7244 200 201 
7245 200 201 
7245 200 201 
7246 200 201 
7247 200 201 
7248 200 201 
7248 200 201 
7249 200 201 
7250 200 201 
7251 200 201 
7251 200 201 
7252 200 201 
7253 200 201 
7254 200 201 
7254 200 201 
7255 200 201 
7256 200 201 
7257 200 201 
7257 200 201 
7258 200 201 
7259 200 201 
7259 200 201 
7261 350 201 
7261 350 201 
7262 350 201 
7263 350 202 
7264 350 201 
7264 350 201 
7265 350 202 
7266 350 201 
7267 350 201 
7267 350 201 
7268 350 201 
7269 350 201 
7270 350 201 
7270 350 201 
7271 350 202 
7272 350 202 
7272 350 202 
7273 350 202 
7274 350 203 
7275 350 203 
7275 350 203 
7276 350 204 
7277 350 205 
7278 350 205 
7278 350 206 
7279 350 206 
7280 350 208 
7280 350 208 
7281 350 210 
7282 350 210 
7283 350 211 
7284 350 211 
7284 350 213 
7285 350 213 
7286 350 213 
7286 350 214 
7287 350 217 
7288 350 219 
7289 350 219 
7289 350 218 
7290 350 219 
7291 350 221 
7292 350 221 
7292 350 222 
7293 350 223 
7294 350 225 
7295 350 225 
7295 350 225 
7296 350 227 
7297 350 227 
7298 350 228 
7298 350 229 
7299 350 229 
7300 350 229 
7301 350 231 
7301 350 234 
7302 350 234 
7303 350 235 
7304 350 235 
7304 350 236 
7305 350 236 
7306 350 237 
7307 350 238 
7307 350 239 
7308 350 239 
7309 350 240 
7310 350 242 
7310 350 244 
7311 350 244 
7312 350 244 
7313 350 246 
7313 350 246 
7314 350 247 
7315 350 247 
7316 350 250 
7316 350 250 
7317 350 251 
7318 350 253 
7318 350 253 
7319 350 252 
7320 350 255 
7321 350 256 
7321 350 256 
7322 350 258 
7323 350 259 
7324 350 259 
7324 350 261 
7325 350 262 
7326 350 264 
7326 350 264 
7327 350 267 
7328 350 268 
7329 350 269 
7329 350 269 
7330 350 270 
7331 350 272 
7332 350 272 
7332 350 273 
7333 350 277 
7334 350 278 
7335 350 278 
7335 350 279 
7336 350 280 
7337 350 283 
7338 350 283 
7338 350 285 
7339 350 286 
7340 350 286 
7341 350 287 
7341 350 288 
7342 350 292 
7343 350 292 
7344 350 293 
7344 350 295 
7345 350 297 
7346 350 297 
7346 350 300 
7347 350 300 
7348 350 300 
7349 350 302 
7349 350 304 
7350 350 306 
7351 350 306 
7352 350 308 
7352 350 310 
7353 350 310 
7354 350 311 
7355 350 313 
7355 350 314 
7356 350 314 
7357 350 317 
7358 350 319 
7358 350 320 
7359 350 320 
7360 350 324 
7361 350 325 
7361 350 325 
7362 350 326 
7363 350 327 
7364 350 328 
7364 350 328 
7365 350 331 
7366 350 333 
7367 350 334 
7367 350 334 
7368 350 335 
7369 350 336 
7369 350 336 
7370 350 337 
7371 350 339 
7372 350 340 
7372 350 340 
7373 350 341 
7374 350 343 
7375 350 343 
7375 350 343 
7376 350 345 
7377 350 345 
7378 350 345 
7378 350 348 
7379 350 348 
7380 350 349 
7381 350 349 
7381 350 350 
7382 350 351 
7383 350 351 
7383 350 351 
7384 350 352 
7385 350 356 
7386 350 356 
7386 350 354 
7387 350 355 
7388 350 355 
7389 350 356 
7389 350 356 
7390 350 357 
7391 350 357 
7392 350 357 
7392 350 358 
7393 350 358 
7394 350 359 
7394 350 359 
7395 350 359 
7396 350 359 
7397 350 360 
7397 350 359 
7398 350 362 
7399 350 362 
7400 350 362 
7400 350 362 
7401 350 362 
7402 350 362 
7403 350 363 
7403 350 363 
7404 350 363 
7405 350 364 
7406 350 364 
7406 350 364 
7407 350 364 
7408 350 365 
7409 350 365 
7409 350 365 
7410 350 365 