3731 200 200 
3732 200 200 
3733 200 200 
3733 200 201 
3734 200 201 
3735 200 200 
3735 200 200 
3736 200 201 
3737 200 201 
3738 200 201 
3738 200 200 
3739 200 200 
3740 200 200 
3741 200 200 
3741 200 201 
3742 200 201 
3743 200 200 
3744 200 201 
3744 200 201 
3745 200 200 
3746 200 201 
3746 200 201 
3747 200 201 
3748 200 201 
3749 200 200 
3749 200 200 
3750 200 201 
3751 200 201 
3752 200 200 
3752 200 200 
3753 200 200 
3754 200 201 
3754 200 201 
3755 200 200 
3756 200 200 
3757 200 200 
3757 200 200 
3758 200 201 
3759 200 200 
3759 200 200 
3760 200 201 
3761 200 201 
3762 200 201 
3762 200 201 
3763 200 201 
3764 200 200 
3765 200 200 
3765 200 200 
3766 200 201 
3767 200 201 
3768 200 201 
3768 200 200 
3769 200 200 
3770 200 200 
3770 200 201 
3771 200 201 
3772 200 201 
3773 200 201 
3773 200 201 
3774 200 201 
3775 200 201 
3776 200 201 
3776 200 200 
3777 200 200 
3778 200 200 
3779 200 201 
3779 200 200 
3780 200 201 
3781 200 201 
3782 200 201 
3782 200 201 
3783 200 201 
3784 200 201 
3784 200 200 
3785 200 200 
3786 200 200 
3787 200 201 
3787 200 200 
3788 200 200 
3789 200 201 
3790 200 201 
3790 200 201 
3791 200 201 
3792 200 201 
3793 200 200 
3793 200 200 
3794 200 201 
3795 200 201 
3795 200 200 
3796 200 200 
3797 200 201 
3798 200 200 
3798 200 200 
3799 200 201 
3800 200 201 
3801 200 201 
3801 200 201 
3802 200 200 
3803 200 200 
3803 200 200 
3804 200 201 
3805 200 200 
3806 200 201 
3806 200 201 
3807 200 201 
3808 200 201 
3809 200 202 
3809 200 202 
3810 200 201 
3811 200 200 
3811 200 200 
3812 200 201 
3813 200 200 
3814 200 200 
3814 200 200 
3815 200 200 
3816 200 200 
3817 200 200 
3817 200 200 
3818 200 200 
3819 200 200 
3819 200 200 
3820 200 201 
3821 200 200 
3822 200 200 
3822 200 201 
3823 200 201 
3824 200 201 
3825 200 201 
3825 200 200 
3826 200 200 
3827 200 200 
3827 200 200 
3828 200 200 
3829 200 200 
3830 200 201 
3830 200 200 
3831 200 201 
3832 200 201 
3833 200 201 
3833 200 202 
3834 200 202 
3835 200 201 
3836 200 201 
3836 200 200 
3837 200 200 
3838 200 201 
3838 200 200 
3839 200 200 
3840 200 200 
3841 200 200 
3841 200 200 
3842 200 200 
3843 200 200 
3844 200 201 
3844 200 201 
3845 200 201 
3846 200 200 
3847 200 201 
3847 200 201 
3848 200 201 
3849 200 201 
3849 200 201 
3850 200 201 
3851 200 200 
3852 200 201 
3852 200 201 
3853 200 201 
3854 200 201 
3855 200 201 
3855 200 201 
3856 200 201 
3857 200 201 
3857 200 201 
3858 200 201 
3859 200 200 
3860 200 200 
3860 200 200 
3861 200 201 
3862 200 200 
3863 200 200 
3863 200 201 
3864 200 200 
3865 200 200 
3866 200 200 
3866 200 201 
3867 200 201 
3868 200 201 
3869 200 201 
3869 200 201 
3870 200 201 
3871 200 201 
3871 200 198 
3872 200 201 
3873 200 201 
3874 200 201 
3874 200 201 
3875 200 200 
3876 200 200 
3877 200 200 
3877 200 201 
3878 200 200 
3879 200 200 
3879 200 201 
3880 200 198 
3881 200 198 
3882 200 200 
3882 200 198 
3883 200 200 
3884 200 200 
3885 200 200 
3885 200 201 
3886 200 201 
3887 200 201 
3888 200 201 
3888 200 201 
3889 200 200 
3890 200 200 
3890 200 201 
3891 200 201 
3892 200 200 
3893 200 200 
3893 200 201 
3894 200 201 
3895 200 201 
3896 200 200 
3896 200 200 
3897 200 201 
3898 200 201 
3899 200 201 
3899 200 201 
3900 200 201 
3901 200 201 
3902 200 200 
3902 200 200 
3903 200 201 
3904 200 200 
3904 200 200 
3905 200 201 
3906 200 200 
3907 200 200 
3907 200 201 
3908 200 200 
3909 200 200 
3909 200 200 
3910 200 201 
3911 200 200 
3912 200 200 
3912 200 201 
3913 200 201 
3914 200 201 
3915 200 201 
3915 200 201 
3916 200 201 
3917 200 201 
3918 200 201 
3918 200 201 
3919 200 201 
3920 200 201 
3921 200 201 
3921 200 200 
3922 200 202 
3923 200 202 
3924 200 200 
3924 200 201 
3925 200 201 
3926 200 201 
3926 200 200 
3927 200 201 
3928 200 201 
3929 200 200 
3929 200 201 
3930 200 201 
3931 200 200 
3931 200 200 
3932 200 200 
3933 200 200 
3934 200 201 
3934 200 201 
3935 200 201 
3936 200 201 
3937 200 200 
3937 200 201 
3938 200 201 
3939 200 201 
3940 200 200 
3940 200 200 
3941 200 200 
3942 200 201 
3943 200 201 
3943 200 201 
3944 200 201 
3945 200 200 
3945 200 200 
3946 200 200 
3947 200 201 
3948 200 201 
3948 200 201 
3949 200 201 
3950 200 201 
3951 200 201 
3951 200 201 
3952 200 201 
3953 200 200 
3954 200 200 
3954 200 200 
3955 200 201 
3956 200 201 
3956 200 201 
3957 200 200 
3958 200 201 
3959 200 201 
3959 200 200 
3960 200 200 
3961 200 201 
3962 200 201 
3962 200 200 
3963 200 200 
3964 200 200 
3964 200 201 
3965 200 201 
3966 200 200 
3967 200 200 
3967 200 200 
3968 200 201 
3969 200 201 
3970 200 200 
3970 200 201 
3971 200 200 
3972 200 200 
3973 200 201 
3973 200 200 
3974 200 200 
3975 200 200 
3975 200 201 
3976 200 200 
3977 200 200 
3978 200 200 
3978 200 200 
3979 200 200 
3980 200 201 
3981 200 200 
3981 200 201 
3982 200 201 
3983 200 201 
3984 200 201 
3984 200 201 
3985 200 201 
3986 200 198 
3986 200 200 
3987 200 200 
3988 200 200 
3989 200 201 
3989 200 201 
3990 200 201 
3991 200 200 
3992 200 200 
3992 200 200 
3993 200 200 
3994 200 201 
3994 200 201 
3995 200 201 
3996 200 200 
3997 200 200 
3997 200 200 
3998 200 201 
3999 200 200 
3999 200 200 
4000 200 201 
4001 200 200 
4002 200 201 
4002 200 201 
4003 200 201 
4004 200 200 
4005 200 200 
4005 200 201 
4006 200 200 
4007 200 201 
4008 200 201 
4008 200 200 
4009 200 200 
4010 200 200 
4010 200 200 
4011 200 201 
4012 200 201 
4013 200 201 
4013 200 200 
4014 200 200 
4015 200 200 
4016 200 200 
4016 200 200 
4017 200 200 
4018 200 200 
4019 200 200 
4019 200 200 
4020 200 200 
4021 200 200 
4021 200 202 
4022 200 201 
4023 200 201 
4024 350 200 
4025 350 201 
4026 350 200 
4026 350 200 
4027 350 200 
4028 350 201 
4029 350 201 
4029 350 201 
4030 350 201 
4031 350 201 
4031 350 202 
4032 350 202 
4033 350 201 
4034 350 201 
4034 350 201 
4035 350 201 
4036 350 201 
4037 350 202 
4037 350 202 
4038 350 202 
4039 350 203 
4040 350 204 
4040 350 204 
4041 350 205 
4042 350 205 
4043 350 206 
4043 350 206 
4044 350 208 
4045 350 210 
4046 350 210 
4046 350 211 
4047 350 211 
4048 350 212 
4048 350 212 
4049 350 213 
4050 350 214 
4051 350 214 
4051 350 215 
4052 350 217 
4053 350 217 
4053 350 217 
4054 350 219 
4055 350 220 
4056 350 221 
4056 350 221 
4057 350 223 
4058 350 225 
4059 350 225 
4059 350 225 
4060 350 227 
4061 350 228 
4062 350 228 
4062 350 229 
4063 350 230 
4064 350 231 
4065 350 231 
4065 350 236 
4066 350 235 
4067 350 235 
4068 350 235 
4068 350 236 
4069 350 237 
4070 350 237 
4071 350 238 
4071 350 240 
4072 350 240 
4073 350 240 
4074 350 242 
4074 350 243 
4075 350 243 
4076 350 245 
4077 350 245 
4077 350 247 
4078 350 247 
4079 350 248 
4080 350 250 
4080 350 252 
4081 350 252 
4082 350 253 
4082 350 254 
4083 350 254 
4084 350 255 
4085 350 256 
4085 350 259 
4086 350 259 
4087 350 259 
4088 350 261 
4088 350 261 
4089 350 262 
4090 350 263 
4091 350 265 
4091 350 265 
4092 350 265 
4093 350 268 
4093 350 268 
4094 350 270 
4095 350 270 
4096 350 271 
4096 350 271 
4097 350 275 
4098 350 276 
4099 350 276 
4099 350 277 
4100 350 278 
4101 350 280 
4101 350 280 
4102 350 281 
4103 350 283 
4104 350 285 
4104 350 285 
4105 350 285 
4106 350 287 
4107 350 287 
4108 350 288 
4108 350 289 
4109 350 290 
4110 350 290 
4110 350 292 
4111 350 293 
4112 350 294 
4113 350 294 
4113 350 295 
4114 350 296 
4115 350 296 
4116 350 297 
4116 350 298 
4117 350 300 
4118 350 300 
4119 350 301 
4119 350 302 
4120 350 303 
4121 350 303 
4122 350 304 
4122 350 306 
4123 350 306 
4124 350 306 
4125 350 308 
4125 350 308 
4126 350 308 
4127 350 309 
4127 350 310 
4128 350 310 
4129 350 311 
4130 350 312 
4130 350 313 
4131 350 313 
4132 350 314 
4133 350 314 
4133 350 314 
4134 350 317 
4135 350 318 
4136 350 318 
4136 350 318 
4137 350 319 
4138 350 320 
4139 350 321 
4139 350 321 
4140 350 321 
4141 350 324 
4141 350 324 
4142 350 322 
4143 350 325 
4144 350 326 
4144 350 326 
4145 350 326 
4146 350 327 
4147 350 328 
4147 350 328 
4148 350 329 
4149 350 331 
4150 350 331 
4150 350 331 
4151 350 331 
4152 350 332 
4153 350 332 
4153 350 332 
4154 350 333 
4155 350 334 
4156 350 334 
4156 350 334 
4157 350 335 
4158 350 335 
4159 350 335 
4159 350 336 
4160 350 337 
4161 350 337 
4162 350 337 
4162 350 339 
4163 350 339 
4164 350 339 
4165 350 339 
4165 350 340 
4166 350 340 
4167 350 341 
4167 350 342 
4168 350 341 
4169 350 341 
4170 350 342 
4170 350 342 
4171 350 343 
4172 350 343 
4173 350 343 
4174 350 343 
4174 350 343 
4175 350 343 
4176 350 345 
4177 350 345 
4177 350 345 
4178 350 345 
4179 350 345 
4179 350 347 
4180 350 347 
4181 350 347 
4182 350 347 
4182 350 348 
4183 350 348 
4184 350 348 
4185 350 348 
4185 350 348 
4186 350 348 
4187 350 348 
4187 350 348 
4188 350 348 
4189 350 349 
4190 350 349 
4190 350 349 
4191 350 349 
4192 350 349 
4192 350 349 
4193 350 350 
4194 350 350 
4195 350 350 
4195 350 350 
4196 350 350 
4197 350 350 
4198 350 350 
4198 350 350 
4199 350 351 
4200 350 351 
4201 350 351 
4201 350 351 
4202 350 351 
4203 350 351 
4204 350 351 
4204 350 351 
4205 350 351 
4206 350 351 
4206 350 351 
4207 350 351 
4208 350 351 
4209 350 351 
4209 350 351 
4210 350 351 
4211 350 351 
4212 350 352 
4212 350 351 
4213 350 354 
4214 350 354 
4215 350 351 
4215 350 351 
4216 350 351 
4217 350 351 
4218 350 351 
4218 350 352 
4219 350 352 
4220 350 351 
4221 350 352 
4221 350 351 
4222 350 351 
4223 350 352 
4224 350 351 
4224 350 351 
4225 350 351 
4226 350 351 
4227 350 352 
4227 350 352 
4228 350 351 
4229 350 352 
4230 350 351 
4230 350 351 
4231 350 351 
4232 350 352 
4233 350 352 
4233 350 352 
4234 350 352 
4235 350 351 
4236 350 351 
4236 350 351 
4237 350 352 
4238 350 352 
4238 350 352 
4239 350 351 
4240 350 351 
4241 350 351 
4241 350 351 
4242 350 352 
4243 350 352 
4244 350 351 
4244 350 351 
4245 350 351 
4246 350 351 
4247 350 351 
4247 350 352 
4248 350 351 
4249 350 351 
4250 350 351 
4250 350 351 
4251 350 352 
4252 350 351 
4253 350 351 
4253 350 352 
4254 350 352 
4255 350 352 
4255 350 351 
4256 350 352 
4257 350 351 
4258 350 351 
4259 350 352 
4259 350 351 
4260 350 352 
4261 350 352 
4262 350 352 
4262 350 351 
4263 350 351 
4264 350 352 
4264 350 351 
4265 350 351 
4266 350 351 
4267 350 351 
4268 350 351 
4268 350 351 
4269 350 351 
4270 350 351 
4271 350 351 
4271 350 351 
4272 350 351 
4273 350 351 
4273 350 351 
4274 350 351 
4275 350 351 
4276 350 351 
4276 350 351 
4277 350 351 
4278 350 351 
4279 350 351 
4279 350 351 
4280 350 351 
4281 350 351 
4282 350 351 
4282 350 351 
4283 350 351 
4284 350 351 
4285 350 351 
4285 350 351 
4286 350 351 
4287 350 351 
4288 350 351 
4288 350 351 
4289 350 351 
4290 350 351 
4291 350 351 
4291 350 351 
4292 350 351 
4293 350 351 
4293 350 351 
4294 350 351 
4295 350 351 
4296 350 351 
4297 350 351 
4297 350 351 
4298 350 351 
4299 350 351 
4299 350 351 
4300 350 351 
4301 350 351 
4302 350 351 
4302 350 351 
4303 350 351 
4304 350 350 
4305 350 350 
4305 350 351 
4306 350 351 
4307 350 351 
4308 350 351 
4308 350 351 
4309 350 351 
4310 350 351 
4311 350 350 
4311 350 351 
4312 350 351 
4313 350 351 
4314 350 351 
4314 350 351 
4315 350 351 
4316 350 351 
4317 350 351 
4317 350 351 
4318 350 351 
4319 350 351 
4319 350 351 
4320 350 351 
4321 350 351 
4322 350 351 
4322 350 351 
4323 350 351 
4324 350 351 
4325 350 351 
4325 350 350 
4326 350 350 
4327 350 350 
4328 350 350 
4328 350 350 
4329 350 350 
4330 350 350 
4330 350 350 
4331 350 350 
4332 350 350 
4333 350 350 
4333 350 350 
4334 350 351 
4335 350 350 
4336 350 350 
4336 350 350 
4337 350 351 
4338 350 350 
4338 350 350 
4339 350 350 
4340 350 350 
4341 350 350 
4341 350 350 
4342 350 350 
4343 350 351 
4344 350 351 
4344 350 350 
4345 350 350 
4346 350 350 
4346 350 350 
4347 350 350 
4348 350 350 
4349 350 350 
4349 350 350 
4350 350 350 
4351 350 350 
4352 350 350 
4352 350 350 
4353 350 350 
4354 350 350 
4355 350 350 
4355 350 349 
4356 350 349 
4357 350 351 
4357 350 350 
4358 350 350 
4359 350 350 
4360 350 350 
4360 350 350 
4361 350 350 
4362 350 350 
4362 350 350 
4363 350 350 
4364 350 350 
4365 350 350 
4365 350 350 
4366 350 350 
4367 350 351 
4368 350 349 
4368 350 350 
4369 350 350 
4370 350 350 
4370 350 350 
4371 350 350 
4372 350 350 
4373 350 350 
4373 350 350 
4374 350 350 
4375 350 350 
4376 350 350 
4376 350 350 
4377 350 350 
4378 350 350 
4379 350 350 
4379 350 350 
4380 350 350 
4381 350 350 
4381 350 350 
4382 350 350 
4383 350 350 
4384 350 350 
4384 350 350 
4385 350 350 
4386 350 350 
4386 350 350 
4387 350 349 
4388 350 350 
4389 350 350 
4389 350 350 
4390 350 350 
4391 350 350 
4391 350 350 
4392 350 350 
4393 350 351 
4394 350 351 
4394 350 350 
4395 350 350 
4396 350 350 
4397 350 350 
4397 350 350 
4398 350 350 
4399 350 350 
4400 350 350 
4400 350 350 
4401 350 350 
4402 350 350 
4402 350 350 
4403 350 350 
4404 350 350 
4405 350 350 
4405 350 349 
4406 350 350 
4407 350 350 
4408 350 350 
4408 350 350 
4409 350 350 
4410 350 350 
4411 350 350 
4411 350 350 
4412 350 350 
4413 350 350 
4413 350 350 
4414 350 350 
4415 350 350 
4416 350 351 
4416 350 350 
4417 350 350 
4418 350 350 
4419 350 350 
4419 350 351 
4420 350 351 
4421 350 350 
4422 350 350 
4422 350 350 
4423 350 350 
4424 350 350 
4425 350 350 
4425 350 350 
4426 350 350 
4427 350 350 
4427 350 350 
4428 350 350 
4429 350 350 
4430 350 350 
4430 350 350 
4431 350 350 
4432 350 350 
4432 350 350 
4433 350 350 
4434 350 350 
4435 350 350 
4435 350 350 
4436 350 349 
4437 350 350 
4437 350 350 
4438 350 350 
4439 350 350 
4440 350 350 
4440 350 350 
4441 350 350 
4442 350 350 
4443 350 350 
4443 350 350 
4444 350 350 
4445 350 350 
4445 350 350 
4446 350 350 
4447 350 350 
4448 350 350 
4448 350 350 
4449 350 350 
4450 350 350 
4451 350 350 
4451 350 350 
4452 350 350 
4453 350 350 
4454 350 350 
4454 350 350 
4455 350 350 
4456 350 350 
4456 350 350 
4457 350 349 
4458 350 349 
4459 350 350 
4459 350 350 
4460 350 350 
4461 350 350 
4462 350 350 
4462 350 350 
4463 350 350 
4464 350 350 
4464 350 350 
4465 350 350 
4466 350 350 
4467 350 350 
4467 350 350 
4468 350 350 
4469 350 350 
4470 350 350 
4470 350 350 
4471 350 350 
4472 350 350 
4472 350 350 
4473 350 350 
4474 350 350 
4475 350 351 
4475 350 351 
4476 350 350 
4477 350 351 
4477 350 351 
4478 350 350 
4479 350 350 
4480 350 350 
4480 350 350 
4481 350 350 
4482 350 350 
4482 350 350 
4483 350 350 
4484 350 350 
4485 350 350 
4485 350 350 
4486 350 350 
4487 350 350 
4487 350 350 
4488 350 350 
4489 350 350 
4490 350 350 
4490 350 350 
4491 350 351 
4492 350 350 
4493 350 350 
4493 350 350 
4494 350 350 
4495 350 350 
4496 350 350 
4496 350 350 
4497 350 350 
4498 350 350 
4498 350 350 
4499 350 350 
4500 350 350 
4501 350 350 
4501 350 350 
4502 350 350 
4503 350 350 
4504 350 350 
4504 350 351 
4505 350 351 
4506 350 351 
4506 350 350 
4507 350 350 
4508 350 350 
4509 350 350 
4509 350 350 
4510 350 350 
4511 350 350 
4512 350 350 
4512 350 350 
4513 350 350 
4514 350 350 
4515 350 350 
4515 350 350 
4516 350 350 
4517 350 350 
4517 350 349 
4518 350 349 
4519 350 350 
4520 350 350 
4520 350 350 
4521 350 350 
4522 350 350 
4523 350 350 
4523 350 350 
4524 350 350 
4525 350 350 
4525 350 350 
4526 350 350 
4527 350 350 
4528 350 350 
4528 350 350 
4529 350 350 
4530 350 350 
4530 350 350 
4531 350 350 
4532 350 350 
4533 350 350 
4533 350 350 
4534 350 350 
4535 350 350 
4536 350 350 
4536 350 350 
4537 350 350 
4538 350 350 
4538 350 350 
4539 350 350 
4540 350 350 
4541 350 350 
4541 350 350 
4542 350 350 
4543 350 350 
4543 350 350 
4544 350 351 
4545 350 350 
4546 350 350 
4546 350 350 
4547 350 350 
4548 350 350 
4549 350 350 
4549 350 350 
4550 350 350 
4551 350 350 
4552 350 350 
4552 350 350 
4553 350 350 
4554 350 350 
4554 350 349 
4555 350 350 
4556 350 350 
4557 350 350 
4557 350 350 
4558 350 350 
4559 350 350 
4560 350 350 
4560 350 350 
4561 350 350 
4562 350 350 
4562 350 350 
4563 350 350 
4564 350 350 
4565 350 350 
4565 350 350 
4566 350 349 
4567 350 350 
4568 350 350 
4568 350 350 
4569 350 350 
4570 350 350 
4570 350 350 
4571 350 350 
4572 350 349 
4573 350 350 
4573 350 350 
4574 350 350 
4575 350 350 
4575 350 350 
4576 350 350 
4577 350 351 
4578 350 350 
4578 350 350 
4579 350 350 
4580 350 350 
4581 350 349 
4581 350 349 
4582 350 350 
4583 350 350 
4583 350 350 
4584 350 350 
4585 350 350 
4586 350 350 
4586 350 350 
4587 350 350 
4588 350 350 
4589 350 350 
4589 350 350 
4590 350 350 
4591 350 350 
4592 350 350 
4592 350 350 
4593 350 350 
4594 350 350 
4594 350 350 
4595 350 349 
4596 350 349 
4597 350 350 
4597 350 350 
4598 350 350 
4599 350 350 
4600 350 350 
4600 350 350 
4601 350 350 
4602 350 350 
4602 350 350 
4603 350 350 
4604 350 350 
4605 350 350 
4605 350 351 
4606 350 351 
4607 350 350 
4608 350 350 
4608 350 350 
4609 350 350 
4610 350 350 
4610 350 350 
4611 350 350 
4612 350 350 
4613 350 350 
4613 350 350 
4614 350 350 
4615 350 350 
4616 350 350 
4616 350 350 
4617 350 350 
4618 350 350 
4619 350 350 
4619 350 350 
4620 350 350 
4621 350 350 
4621 350 350 
4622 350 350 
4623 350 350 
4624 350 350 
4624 350 350 
4625 350 350 
4626 350 351 
4626 350 351 
4627 350 350 
4628 350 350 
4629 350 350 
4629 350 350 
4630 350 350 
4631 350 350 
4632 350 350 
4632 350 350 
4633 350 350 
4634 350 350 
4635 350 350 
4635 350 350 
4636 350 350 
4637 350 350 
4637 350 350 
4638 350 350 
4639 350 350 
4640 350 350 
4640 350 350 
4641 350 350 
4642 350 350 
4643 350 350 
4643 350 350 
4644 350 350 
4645 350 350 
4645 350 350 
4646 350 350 
4647 350 350 
4648 350 350 
4648 350 350 
4649 350 350 
4650 350 350 
4651 350 350 
4651 350 350 
4652 350 350 
4653 350 350 
4653 350 350 
4654 350 350 
4655 350 351 
4656 350 350 
4656 350 350 
4657 350 350 
4658 350 350 
4659 350 350 
4659 350 350 
4660 350 350 
4661 350 350 
4661 350 352 
4662 350 352 
4663 350 350 
4664 350 350 
4664 350 350 
4665 350 350 
4666 350 350 
4667 350 350 
4667 350 350 
4668 350 350 
4669 350 350 
4670 350 350 
4670 350 349 
4671 350 350 
4672 350 350 
4672 350 350 
4673 350 350 
4674 350 350 
4674 350 350 
4675 350 350 
4676 350 350 
4677 350 350 
4678 200 351 
4679 200 351 
4679 200 350 
4680 200 350 
4681 200 350 
4682 200 350 
4682 200 350 
4683 200 350 
4684 200 350 
4684 200 350 
4685 200 350 
4686 200 349 
4687 200 349 
4687 200 349 
4688 200 348 
4689 200 348 
4690 200 348 
4690 200 348 
4691 200 347 
4692 200 347 
4693 200 347 
4693 200 344 
4694 200 343 
4695 200 343 
4696 200 342 
4696 200 341 
4697 200 339 
4698 200 339 
4699 200 339 
4699 200 337 
4700 200 337 
4701 200 335 
4702 200 334 
4702 200 334 
4703 200 334 
4704 200 333 
4705 200 329 
4705 200 331 
4706 200 331 
4707 200 329 
4708 200 328 
4708 200 328 
4709 200 327 
4710 200 326 
4711 200 325 
4711 200 325 
4712 200 322 
4713 200 321 
4714 200 320 
4714 200 320 
4715 200 318 
4716 200 318 
4716 200 318 
4717 200 317 
4718 200 316 
4719 200 314 
4719 200 314 
4720 200 313 
4721 200 312 
4722 200 311 
4722 200 311 
4723 200 310 
4724 200 309 
4724 200 309 
4725 200 309 
4726 200 306 
4727 200 306 
4727 200 306 
4728 200 305 
4729 200 304 
4730 200 304 
4730 200 303 
4731 200 302 
4732 200 301 
4733 200 301 
4733 200 301 
4734 200 298 
4735 200 298 
4736 200 297 
4736 200 296 
4737 200 296 
4738 200 296 
4738 200 295 
4739 200 294 
4740 200 293 
4741 200 293 
4741 200 292 
4742 200 290 
4743 200 290 
4744 200 289 
4744 200 289 
4745 200 288 
4746 200 288 
4747 200 287 
4747 200 286 
4748 200 286 
4749 200 285 
4750 200 284 
4750 200 283 
4751 200 283 
4752 200 281 
4753 200 280 
4753 200 279 
4754 200 279 
4755 200 278 
4756 200 277 
4756 200 277 
4757 200 276 
4758 200 276 
4759 200 273 
4759 200 273 
4760 200 272 
4761 200 271 
4762 200 270 
4762 200 270 
4763 200 269 
4764 200 268 
4765 200 268 
4765 200 267 
4766 200 265 
4767 200 264 
4767 200 264 
4768 200 263 
4769 200 262 
4770 200 261 
4770 200 261 
4771 200 259 
4772 200 259 
4773 200 259 
4773 200 256 
4774 200 255 
4775 200 254 
4776 200 254 
4776 200 253 
4777 200 252 
4778 200 251 
4779 200 251 
4779 200 250 
4780 200 247 
4781 200 247 
4781 200 247 
4782 200 246 
4783 200 245 
4784 200 245 
4784 200 243 
4785 200 242 
4786 200 240 
4787 200 240 
4788 200 239 
4788 200 238 
4789 200 238 
4790 200 237 
4790 200 237 
4791 200 235 
4792 200 235 
4793 200 235 
4793 200 234 
4794 200 233 
4795 200 233 
4796 200 231 
4796 200 230 
4797 200 230 
4798 200 229 
4799 200 228 
4799 200 228 
4800 200 228 
4801 200 227 
4801 200 226 
4802 200 226 
4803 200 225 
4804 200 225 
4804 200 223 
4805 200 223 
4806 200 222 
4807 200 221 
4807 200 221 
4808 200 221 
4809 200 220 
4810 200 219 
4810 200 219 
4811 200 219 
4812 200 218 
4813 200 218 
4813 200 218 
4814 200 217 
4815 200 215 
4816 200 214 
4816 200 214 
4817 200 214 
4818 200 213 
4818 200 213 
4819 200 213 
4820 200 213 
4821 200 212 
4821 200 212 
4822 200 211 
4823 200 211 
4824 200 211 
4824 200 211 
4825 200 210 
4826 200 210 
4827 200 210 
4827 200 210 
4828 200 206 
4829 200 206 
4829 200 208 
4830 200 208 
4831 200 206 
4832 200 206 
4832 200 206 
4833 200 206 
4834 200 206 
4835 200 206 
4835 200 205 
4836 200 205 
4837 200 205 
4838 200 204 
4838 200 204 
4839 200 203 
4840 200 203 
4840 200 203 
4841 200 203 
4842 200 203 
4843 200 203 
4843 200 202 
4844 200 202 
4845 200 202 
4846 200 202 
4846 200 201 
4847 200 201 
4848 200 201 
4849 200 201 
4849 200 201 
4850 200 201 
4851 200 201 
4852 200 200 
4852 200 200 
4853 200 200 
4854 200 200 
4854 200 198 
4855 200 198 
4856 200 197 
4857 200 198 
4857 200 198 
4858 200 198 
4859 200 198 
4860 200 198 
4860 200 198 
4861 200 197 
4862 200 198 
4862 200 198 
4863 200 198 
4864 200 198 
4865 200 197 
4865 200 197 
4866 200 198 
4867 200 198 
4867 200 198 
4868 200 196 
4869 200 198 
4870 200 198 
4870 200 198 
4871 200 198 
4872 200 198 
4873 200 198 
4873 200 198 
4874 200 198 
4875 200 198 
4875 200 198 
4876 200 198 
4877 200 197 
4878 200 197 
4878 200 198 
4879 200 197 
4880 200 197 
4880 200 198 
4881 200 198 
4882 200 197 
4883 200 197 
4883 200 198 
4884 200 200 
4885 200 200 
4886 200 197 
4886 200 198 
4887 200 197 
4888 200 197 
4888 200 197 
4889 200 198 
4890 200 198 
4891 200 197 
4891 200 198 
4892 200 198 
4893 200 197 
4894 200 198 
4894 200 198 
4895 200 198 
4896 200 198 
4897 200 198 
4897 200 198 
4898 200 198 
4899 200 198 
4899 200 197 
4900 200 197 
4901 200 198 
4902 200 198 
4902 200 198 
4903 200 198 
4904 200 198 
4904 200 198 
4905 200 198 
4906 200 197 
4907 200 198 
4907 200 198 
4908 200 198 
4909 200 200 
4910 200 200 
4910 200 198 
4911 200 198 
4912 200 198 
4912 200 198 
4913 200 198 
4914 200 200 
4915 200 200 
4915 200 198 
4916 200 198 
4917 200 198 
4917 200 198 
4918 200 198 
4919 200 198 
4920 200 198 
4920 200 200 
4921 200 200 
4922 200 201 
4922 200 201 
4923 200 200 
4924 200 200 
4925 200 200 
4925 200 200 
4926 200 200 
4927 200 200 
4927 200 200 
4928 200 202 
4929 200 200 
4930 200 200 
4930 200 200 
4931 200 200 
4932 200 200 
4933 200 201 
4933 200 201 
4934 200 200 
4935 200 200 
4936 200 201 
4936 200 200 
4937 200 200 
4938 200 201 
4938 200 201 
4939 200 201 
4940 200 201 
4941 200 201 
4941 200 201 
4942 200 201 
4943 200 201 
4944 200 201 
4944 200 201 
4945 200 201 
4946 200 201 
4947 200 201 
4947 200 201 
4948 200 201 
4949 200 201 
4950 200 201 
4950 200 201 
4951 200 201 
4952 200 201 
4952 200 201 
4953 200 201 
4954 200 201 
4955 200 201 
4955 200 201 
4956 200 201 
4957 200 201 
4958 200 201 
4958 200 201 
4959 200 201 
4960 200 201 
4961 200 201 
4961 200 202 
4962 200 201 
4963 200 201 
4963 200 201 
4964 200 202 
4965 200 201 
4966 200 201 
4966 200 201 
4967 200 201 
4968 200 201 
4969 200 201 
4969 200 201 
4970 200 201 
4971 200 201 
4971 200 201 
4972 200 201 
4973 200 201 
4974 200 201 
4974 200 201 
4975 200 201 
4976 200 202 
4977 200 202 
4977 200 201 
4978 200 201 
4979 200 201 
4980 200 201 
4980 200 201 
4981 200 201 
4982 200 201 
4983 200 201 
4983 200 201 
4984 200 202 
4985 200 202 
4986 200 201 
4986 200 201 
4987 200 201 
4988 200 201 
4989 200 201 
4989 200 201 
4990 200 201 
4991 200 202 
4992 200 201 
4992 200 201 
4993 200 201 
4994 200 201 
4994 200 201 
4995 200 201 
4996 200 201 
4997 200 201 
4997 200 201 
4998 200 201 
4999 200 201 
5000 200 201 
5000 200 201 
5001 200 201 
5002 200 201 
5003 200 201 
5003 200 201 
5004 200 201 
5005 200 201 
5005 200 201 
5006 200 201 
5007 200 201 
5008 200 201 
5008 200 201 
5009 200 201 
5010 200 201 
5011 200 201 
5011 200 201 
5012 200 201 
5013 200 201 
5013 200 201 
5014 200 202 
5015 200 202 
5016 200 201 
5017 200 201 
5017 200 201 
5018 200 202 
5019 200 201 
5019 200 201 
5020 200 201 
5021 200 201 
5022 200 201 
5022 200 201 
5023 200 201 
5024 200 201 
5025 200 201 
5025 200 201 
5026 200 202 
5027 200 202 
5028 200 201 
5028 200 201 
5029 200 201 
5030 200 201 
5031 200 201 
5031 200 202 
5032 200 202 
5033 200 201 
5033 200 201 
5034 200 201 
5035 200 201 
5036 200 201 
5036 200 201 
5037 200 202 
5038 200 202 
5039 200 201 
5039 200 201 
5040 200 201 
5041 200 200 
5042 200 201 
5042 200 201 
5043 200 201 
5044 200 201 
5044 200 201 
5045 200 201 
5046 200 201 
5047 200 201 
5047 200 201 
5048 200 201 
5049 200 201 
5050 200 201 
5050 200 201 
5051 200 201 
5052 200 201 
5053 200 201 
5053 200 201 
5054 200 201 
5055 200 201 
5055 200 201 
5056 200 201 
5057 200 201 
5058 200 201 
5058 200 201 
5059 200 202 
5060 200 201 
5060 200 201 
5061 200 201 
5062 200 201 
5063 200 201 
5063 200 201 
5064 200 201 
5065 200 201 
5066 200 201 
5066 200 201 
5067 200 201 
5068 200 201 
5069 200 201 
5069 200 201 
5070 200 201 
5071 200 201 
5072 200 201 
5072 200 201 
5073 200 201 
5074 200 201 
5075 200 201 
5075 200 201 
5076 200 201 
5077 200 201 
5078 200 201 
5078 200 201 
5079 200 201 
5080 200 201 
5080 200 200 
5081 200 201 
5082 200 201 
5083 200 201 
5083 200 201 
5084 200 201 
5085 200 201 
5086 200 201 
5087 200 201 
5087 200 201 
5088 200 201 
5089 200 201 
5090 200 201 
5090 200 201 
5091 200 201 
5092 200 201 
5092 200 201 
5093 200 201 
5094 200 201 
5095 200 201 
5095 200 201 
5096 200 201 
5097 200 201 
5098 200 201 
5098 200 201 
5099 200 201 
5100 200 201 
5101 200 201 
5101 200 201 
5102 200 201 
5103 200 201 
5104 200 201 
5104 200 201 
5105 200 201 
5106 200 201 
5107 200 201 
5107 200 201 
5108 200 201 
5109 200 201 
5109 200 201 
5110 200 201 
5111 200 201 
5112 200 201 
5112 200 201 
5113 200 201 
5114 200 201 
5115 200 201 
5115 200 201 
5116 200 201 
5117 200 201 
5118 200 201 
5118 200 201 
5119 200 201 
5120 200 201 
5121 200 201 
5121 200 203 
5122 200 201 
5123 200 201 
5124 200 201 
5124 200 201 
5125 200 201 
5126 200 201 
5127 200 201 
5127 200 201 
5128 200 201 
5129 200 201 
5129 200 201 
5130 200 201 
5131 200 201 
5132 200 202 
5132 200 201 
5133 200 201 
5134 200 201 
5135 200 201 
5135 200 201 
5136 200 201 
5137 200 201 
5138 200 201 
5138 200 201 
5139 200 201 
5140 200 202 
5141 200 201 
5141 200 201 
5142 200 201 
5143 200 201 
5144 200 202 
5144 200 202 
5145 200 201 
5146 200 201 
5147 200 201 
5147 200 201 
5148 200 201 
5149 200 201 
5150 200 201 
5150 200 201 
5151 200 201 
5152 200 201 
5152 200 201 
5153 200 201 
5154 200 201 
5155 200 201 
5155 200 201 
5156 200 200 
5157 200 201 
5158 200 201 
5158 200 201 
5159 200 201 
5160 200 201 
5160 200 201 
5161 200 201 
5162 200 201 
5163 200 201 
5163 200 201 
5164 200 201 
5165 200 201 
5166 200 201 
5166 200 201 
5167 200 201 
5168 200 201 
5169 200 201 
5169 200 201 
5170 200 201 
5171 200 201 
5172 200 201 
5172 200 201 
5173 200 201 
5174 200 201 
5175 200 201 
5175 200 201 
5176 200 201 
5177 200 201 
5178 200 201 
5178 200 201 
5179 200 201 
5180 200 201 
5180 200 201 
5181 200 201 
5182 200 201 
5183 200 201 
5183 200 201 
5184 200 201 
5185 200 202 
5186 200 201 
5186 200 201 
5187 200 201 
5188 200 201 
5189 200 201 
5189 200 201 
5190 200 201 
5191 200 201 
5192 200 201 
5192 200 201 
5193 200 201 
5194 200 201 
5195 200 201 
5195 200 201 
5196 200 201 
5197 200 201 
5198 200 201 
5198 200 201 
5199 200 201 
5200 200 201 
5200 200 201 
5201 200 201 
5202 200 201 
5203 200 201 
5203 200 201 
5204 200 201 
5205 200 201 
5206 200 201 
5206 200 201 
5207 200 201 
5208 200 201 
5208 200 201 
5209 200 201 
5210 200 201 
5211 200 200 
5211 200 200 
5212 200 201 
5213 200 201 
5214 200 201 
5214 200 201 
5215 200 201 
5216 200 201 
5217 200 201 
5217 200 201 
5218 200 201 
5219 200 201 
5220 200 202 
5220 200 201 
5221 200 201 
5222 200 201 
5223 200 202 
5223 200 201 
5224 200 201 
5225 200 201 
5225 200 201 
5226 200 201 
5227 200 201 
5228 200 201 
5228 200 201 
5229 200 201 
5230 200 201 
5231 200 201 
5232 200 201 
5232 200 201 
5233 200 201 
5234 200 201 
5234 200 201 
5235 200 201 
5236 200 201 
5237 200 202 
5237 200 201 
5238 200 201 
5239 200 201 
5240 200 201 
5240 200 201 
5241 200 201 
5242 200 201 
5243 200 201 
5243 200 201 
5244 200 201 
5245 200 201 
5245 200 201 
5246 200 201 
5247 200 201 
5248 200 201 
5248 200 201 
5249 200 201 
5250 200 202 
5251 200 201 
5251 200 201 
5252 200 201 
5253 200 201 
5254 200 201 
5254 200 201 
5255 200 201 
5256 200 201 
5257 200 201 
5257 200 201 
5258 200 201 
5259 200 202 
5260 200 202 
5260 200 201 
5261 200 202 
5262 200 201 
5263 200 201 
5263 200 201 
5264 200 201 
5265 200 201 
5266 200 201 
5266 200 201 
5267 200 201 
5268 200 201 
5269 200 201 
5269 200 201 
5270 200 201 
5271 200 201 
5272 200 201 
5272 200 201 
5273 200 201 
5274 200 201 
5274 200 201 
5275 200 201 
5276 200 201 
5277 200 201 
5277 200 201 
5278 200 201 
5279 200 201 
5280 200 201 
5280 200 201 
5281 200 201 
5282 200 201 
5283 200 201 
5283 200 201 
5284 200 201 
5285 200 202 
5286 200 201 
5286 200 201 
5287 200 201 
5288 200 201 
5289 200 201 
5289 200 201 
5290 200 201 
5291 200 201 
5292 200 201 
5292 200 201 
5293 200 201 
5294 200 201 
5295 200 201 
5295 200 201 
5296 200 201 
5297 200 201 
5297 200 201 
5298 200 201 
5299 200 201 
5300 200 201 
5300 200 201 
5301 200 201 
5302 200 201 
5303 200 201 
5303 200 201 
5304 200 201 
5305 200 201 
5306 200 201 
5306 200 201 
5307 200 201 
5308 200 201 
5309 200 201 
5309 200 201 
5310 200 201 
5311 200 201 
5312 200 201 
5312 200 201 
5313 200 202 
5314 200 202 
5315 200 202 
5315 200 201 
5316 200 201 
5317 200 201 
5317 200 201 
5318 200 201 
5319 200 201 
5320 200 201 
5320 200 201 
5321 200 201 
5322 200 201 
5323 200 201 
5323 200 201 
5324 200 201 
5325 200 201 
5326 200 201 
5326 200 201 
5327 200 201 
5328 200 201 
5329 200 200 
5329 200 201 
5330 200 201 
5331 200 201 
5332 350 201 
5333 350 201 
5333 350 201 
5334 350 201 
5335 350 201 
5336 350 201 
5336 350 201 
5337 350 201 
5338 350 202 
5339 350 202 
5339 350 202 
5340 350 201 
5341 350 202 
5341 350 202 
5342 350 202 
5343 350 202 
5344 350 202 
5344 350 202 
5345 350 202 
5346 350 203 
5346 350 203 
5347 350 204 
5348 350 205 
5349 350 206 
5349 350 206 
5350 350 206 
5351 350 208 
5352 350 208 
5352 350 209 
5353 350 210 
5354 350 211 
5355 350 211 
5355 350 212 
5356 350 213 
5357 350 213 
5358 350 215 
5358 350 217 
5359 350 217 
5360 350 217 
5360 350 218 
5361 350 219 
5362 350 220 
5363 350 220 
5363 350 221 
5364 350 222 
5365 350 222 
5366 350 223 
5366 350 225 
5367 350 226 
5368 350 226 
5369 350 227 
5369 350 228 
5370 350 228 
5371 350 229 
5371 350 231 
5372 350 233 
5373 350 233 
5374 350 234 
5374 350 235 
5375 350 235 
5376 350 236 
5377 350 237 
5377 350 238 
5378 350 238 
5379 350 239 
5380 350 240 
5380 350 240 
5381 350 242 
5382 350 243 
5383 350 244 
5383 350 244 
5384 350 245 
5385 350 247 
5386 350 247 
5386 350 247 
5387 350 250 
5388 350 251 
5388 350 251 
5389 350 253 
5390 350 253 
5391 350 254 
5391 350 254 
5392 350 254 
5393 350 258 
5394 350 259 
5394 350 259 
5395 350 260 
5396 350 262 
5396 350 262 
5397 350 263 
5398 350 264 
5399 350 265 
5399 350 265 
5400 350 268 
5401 350 269 
5402 350 270 
5402 350 270 
5403 350 271 
5404 350 272 
5405 350 272 
5405 350 275 
5406 350 276 
5407 350 278 
5408 350 278 
5408 350 279 
5409 350 280 
5410 350 283 
5411 350 283 
5411 350 284 
5412 350 285 
5413 350 285 
5414 350 286 
5414 350 287 
5415 350 288 
5416 350 288 
5417 350 289 
5417 350 290 
5418 350 293 
5419 350 293 
5420 350 293 
5420 350 294 
5421 350 294 
5422 350 296 
5423 350 297 
5423 350 298 
5424 350 298 
5425 350 300 
5426 350 301 
5426 350 302 
5427 350 302 
5428 350 302 
5429 350 304 
5429 350 304 
5430 350 305 
5431 350 306 
5432 350 306 
5432 350 306 
5433 350 308 
5434 350 309 
5435 350 310 
5435 350 310 
5436 350 311 
5437 350 312 
5437 350 312 
5438 350 313 
5439 350 313 
5440 350 316 
5440 350 316 
5441 350 316 
5442 350 317 
5442 350 317 
5443 350 318 
5444 350 319 
5445 350 319 
5445 350 319 
5446 350 320 
5447 350 321 
5448 350 321 
5448 350 321 
5449 350 322 
5450 350 324 
5451 350 324 
5451 350 324 
5452 350 326 
5453 350 326 
5454 350 326 
5454 350 328 
5455 350 328 
5456 350 328 
5456 350 328 
5457 350 329 
5458 350 332 
5459 350 332 
5459 350 331 
5460 350 332 
5461 350 332 
5462 350 333 
5462 350 333 
5463 350 335 
5464 350 335 
5465 350 336 
5465 350 335 
5466 350 335 
5467 350 336 
5468 350 336 
5468 350 337 
5469 350 337 
5470 350 337 
5471 350 337 
5471 350 339 
5472 350 339 
5473 350 339 
5473 350 339 
5474 350 339 
5475 350 341 
5476 350 341 
5476 350 341 
5477 350 341 
5478 350 342 
5479 350 342 
5479 350 343 
5480 350 343 
5481 350 343 
5482 350 343 
5482 350 343 
5483 350 344 
5484 350 344 
5485 350 345 
5485 350 345 
5486 350 345 
5487 350 345 
5488 350 347 
5488 350 347 
5489 350 347 
5490 350 347 
5491 350 347 
5491 350 348 
5492 350 348 
5493 350 348 
5493 350 348 
5494 350 348 
5495 350 348 
5496 350 348 
5496 350 348 
5497 350 349 
5498 350 349 
5499 350 349 
5499 350 349 
5500 350 348 
5501 350 348 
5501 350 349 
5502 350 349 
5503 350 350 
5504 350 350 
5504 350 350 
5505 350 350 
5506 350 350 
5507 350 350 
5507 350 350 
5508 350 351 
5509 350 351 
5510 350 351 
5510 350 351 
5511 350 351 
5512 350 351 
5513 350 351 
5513 350 351 
5514 350 351 
5515 350 351 
5516 350 351 
5516 350 351 
5517 350 351 
5518 350 352 
5519 350 351 
5519 350 351 
5520 350 351 
5521 350 351 
5522 350 351 
5522 350 351 
5523 350 351 
5524 350 351 
5525 350 351 
5525 350 351 
5526 350 351 
5527 350 351 
5527 350 351 
5528 350 351 
5529 350 351 
5530 350 351 
5530 350 351 
5531 350 351 
5532 350 351 
5533 350 351 
5533 350 351 
5534 350 351 
5535 350 350 
5536 350 351 
5536 350 351 
5537 350 351 
5538 350 352 
5538 350 352 
5539 350 351 
5540 350 351 
5541 350 351 
5541 350 351 
5542 350 351 
5543 350 351 
5544 350 351 
5544 350 351 
5545 350 352 
5546 350 352 
5547 350 351 
5547 350 351 
5548 350 351 
5549 350 351 
5550 350 351 
5550 350 351 
5551 350 351 
5552 350 351 
5553 350 351 
5553 350 351 
5554 350 351 
5555 350 351 
5556 350 351 
5556 350 352 
5557 350 351 
5558 350 351 
5559 350 352 
5559 350 351 
5560 350 351 
5561 350 351 
5562 350 351 
5562 350 351 
5563 350 351 
5564 350 351 
5565 350 351 
5565 350 351 
5566 350 351 
5567 350 351 
5568 350 351 
5568 350 351 
5569 350 351 
5570 350 351 
5571 350 351 
5571 350 351 
5572 350 351 
5573 350 354 
5574 350 352 
5574 350 352 
5575 350 351 
5576 350 351 
5577 350 351 
5577 350 351 
5578 350 351 
5579 350 352 
5580 350 351 
5580 350 351 
5581 350 351 
5582 350 351 
5582 350 351 
5583 350 351 
5584 350 354 
5585 350 351 
5585 350 351 
5586 350 351 
5587 350 351 
5588 350 351 
5588 350 351 
5589 350 351 
5590 350 351 
5591 350 351 
5591 350 352 
5592 350 350 
5593 350 351 
5594 350 351 
5594 350 351 
5595 350 351 
5596 350 351 
5597 350 351 
5597 350 351 
5598 350 351 
5599 350 351 
5599 350 351 
5600 350 351 
5601 350 351 
5602 350 351 
5602 350 351 
5603 350 351 
5604 350 351 
5605 350 351 
5606 350 351 
5606 350 351 
5607 350 351 
5608 350 351 
5608 350 351 
5609 350 350 
5610 350 350 
5611 350 351 
5611 350 351 
5612 350 351 
5613 350 351 
5614 350 351 
5614 350 351 
5615 350 351 
5616 350 351 
5617 350 351 
5617 350 351 
5618 350 351 
5619 350 351 
5619 350 351 
5620 350 351 
5621 350 351 
5622 350 351 
5622 350 351 
5623 350 351 
5624 350 351 
5625 350 351 
5625 350 351 
5626 350 351 
5627 350 351 
5628 350 351 
5628 350 351 
5629 350 351 
5630 350 351 
5631 350 351 
5631 350 351 
5632 350 350 
5633 350 350 
5634 350 350 
5634 350 350 
5635 350 350 
5636 350 350 
5636 350 350 
5637 350 352 
5638 350 350 
5639 350 350 
5639 350 350 
5640 350 352 
5641 350 349 
5642 350 349 
5642 350 350 
5643 350 350 
5644 350 350 
5644 350 350 
5645 350 350 
5646 350 350 
5647 350 350 
5647 350 350 
5648 350 350 
5649 350 350 
5650 350 350 
5650 350 350 
5651 350 350 
5652 350 350 
5652 350 350 
5653 350 350 
5654 350 350 
5655 350 350 
5655 350 350 
5656 350 350 
5657 350 350 
5658 350 350 
5658 350 351 
5659 350 351 
5660 350 350 
5660 350 350 
5661 350 350 
5662 350 350 
5663 350 351 
5663 350 350 
5664 350 350 
5665 350 350 
5666 350 350 
5666 350 350 
5667 350 350 
5668 350 350 
5669 350 350 
5669 350 350 
5670 350 350 
5671 350 350 
5672 350 350 
5672 350 350 
5673 350 350 
5674 350 350 
5674 350 350 
5675 350 350 
5676 350 350 
5677 350 350 
5677 350 350 
5678 350 350 
5679 350 350 
5680 350 350 
5680 350 350 
5681 350 350 
5682 350 350 
5682 350 350 
5683 350 350 
5684 350 350 
5685 350 350 
5685 350 350 
5686 350 350 
5687 350 350 
5687 350 350 
5688 350 350 
5689 350 350 
5690 350 350 
5690 350 350 
5691 350 350 
5692 350 350 
5693 350 350 
5693 350 350 
5694 350 350 
5695 350 350 
5695 350 350 
5696 350 350 
5697 350 350 
5698 350 350 
5698 350 350 
5699 350 350 
5700 350 350 
5701 350 350 
5701 350 350 
5702 350 350 
5703 350 350 
5704 350 350 
5704 350 350 
5705 350 350 
5706 350 350 
5706 350 350 
5707 350 350 
5708 350 350 
5709 350 350 
5709 350 350 
5710 350 350 
5711 350 350 
5712 350 350 
5712 350 350 
5713 350 350 
5714 350 350 
5715 350 350 
5715 350 350 
5716 350 350 
5717 350 350 
5717 350 350 
5718 350 350 
5719 350 350 
5720 350 349 
5720 350 349 
5721 350 350 
5722 350 349 
5723 350 350 
5723 350 350 
5724 350 350 
5725 350 352 
5726 350 350 
5726 350 350 
5727 350 350 
5728 350 350 
5728 350 350 
5729 350 350 
5730 350 350 
5731 350 350 
5731 350 350 
5732 350 350 
5733 350 350 
5733 350 350 
5734 350 350 
5735 350 350 
5736 350 350 
5736 350 350 
5737 350 350 
5738 350 350 
5739 350 350 
5739 350 349 
5740 350 350 
5741 350 350 
5741 350 351 
5742 350 350 
5743 350 350 
5744 350 350 
5744 350 350 
5745 350 350 
5746 350 350 
5747 350 350 
5747 350 350 
5748 350 350 
5749 350 350 
5749 350 351 
5750 350 350 
5751 350 350 
5752 350 350 
5752 350 351 
5753 350 350 
5754 350 350 
5755 350 350 
5755 350 350 
5756 350 350 
5757 350 350 
5758 350 351 
5758 350 350 
5759 350 350 
5760 350 350 
5761 350 350 
5761 350 350 
5762 350 350 
5763 350 351 
5763 350 350 
5764 350 350 
5765 350 349 
5766 350 350 
5766 350 350 
5767 350 350 
5768 350 350 
5769 350 350 
5769 350 350 
5770 350 350 
5771 350 350 
5772 350 350 
5772 350 351 
5773 350 350 
5774 350 350 
5774 350 350 
5775 350 350 
5776 350 350 
5777 350 350 
5777 350 350 
5778 350 350 
5779 350 351 
5779 350 351 
5780 350 350 
5781 350 350 
5782 350 350 
5782 350 350 
5783 350 350 
5784 350 350 
5784 350 350 
5785 350 350 
5786 350 350 
5787 350 350 
5787 350 350 
5788 350 350 
5789 350 350 
5790 350 350 
5790 350 350 
5791 350 350 
5792 350 350 
5793 350 350 
5793 350 350 
5794 350 351 
5795 350 351 
5795 350 350 
5796 350 349 
5797 350 349 
5798 350 350 
5798 350 350 
5799 350 350 
5800 350 350 
5801 350 350 
5801 350 349 
5802 350 349 
5803 350 351 
5803 350 350 
5804 350 350 
5805 350 350 
5806 350 350 
5806 350 350 
5807 350 350 
5808 350 350 
5809 350 350 
5809 350 350 
5810 350 350 
5811 350 350 
5812 350 350 
5812 350 350 
5813 350 350 
5814 350 350 
5814 350 351 
5815 350 351 
5816 350 351 
5817 350 350 
5817 350 350 
5818 350 350 
5819 350 350 
5820 350 351 
5820 350 351 
5821 350 350 
5822 350 350 
5823 350 350 
5823 350 350 
5824 350 350 
5825 350 350 
5825 350 350 
5826 350 350 
5827 350 350 
5828 350 350 
5828 350 350 
5829 350 350 
5830 350 350 
5830 350 350 
5831 350 350 
5832 350 350 
5833 350 350 
5833 350 350 
5834 350 350 
5835 350 350 
5836 350 350 
5836 350 350 
5837 350 350 
5838 350 350 
5838 350 350 
5839 350 350 
5840 350 350 
5841 350 350 
5841 350 350 
5842 350 350 
5843 350 350 
5843 350 350 
5844 350 350 
5845 350 350 
5846 350 350 
5846 350 350 
5847 350 350 
5848 350 350 
5849 350 350 
5849 350 350 
5850 350 350 
5851 350 350 
5851 350 351 
5852 350 350 
5853 350 350 
5854 350 350 
5854 350 349 
5855 350 349 
5856 350 350 
5857 350 350 
5857 350 350 
5858 350 350 
5859 350 351 
5860 350 350 
5860 350 350 
5861 350 350 
5862 350 350 
5862 350 351 
5863 350 351 
5864 350 350 
5865 350 350 
5865 350 350 
5866 350 350 
5867 350 350 
5868 350 350 
5868 350 350 
5869 350 350 
5870 350 350 
5871 350 350 
5871 350 350 
5872 350 350 
5873 350 350 
5873 350 350 
5874 350 350 
5875 350 350 
5876 350 350 
5876 350 350 
5877 350 350 
5878 350 350 
5878 350 350 
5879 350 350 
5880 350 350 
5881 350 350 
5881 350 350 
5882 350 350 
5883 350 350 
5884 350 350 
5884 350 350 
5885 350 350 
5886 350 350 
5886 350 350 
5887 350 351 
5888 350 350 
5889 350 350 
5889 350 350 
5890 350 349 
5891 350 349 
5892 350 350 
5892 350 350 
5893 350 350 
5894 350 350 
5895 350 350 
5895 350 351 
5896 350 351 
5897 350 350 
5897 350 350 
5898 350 350 
5899 350 350 
5900 350 350 
5900 350 351 
5901 350 351 
5902 350 350 
5903 350 350 
5903 350 351 
5904 350 351 
5905 350 350 
5905 350 350 
5906 350 350 
5907 350 350 
5908 350 350 
5908 350 350 
5909 350 350 
5910 350 350 
5911 350 351 
5911 350 351 
5912 350 350 
5913 350 351 
5914 350 350 
5914 350 350 
5915 350 350 
5916 350 351 
5917 350 351 
5917 350 350 
5918 350 350 
5919 350 349 
5919 350 349 
5920 350 350 
5921 350 351 
5922 350 351 
5922 350 350 
5923 350 350 
5924 350 350 
5924 350 350 
5925 350 350 
5926 350 350 
5927 350 350 
5927 350 350 
5928 350 350 
5929 350 350 
5929 350 350 
5930 350 350 
5931 350 350 
5932 350 350 
5932 350 350 
5933 350 350 
5934 350 350 
5935 350 350 
5935 350 350 
5936 350 350 
5937 350 350 
5938 350 350 
5938 350 351 
5939 350 350 
5940 350 350 
5941 350 350 
5941 350 350 
5942 350 350 
5943 350 350 
5943 350 350 
5944 350 350 
5945 350 350 
5946 350 350 
5946 350 350 
5947 350 350 
5948 350 350 
5948 350 350 
5949 350 350 
5950 350 350 
5951 350 351 
5952 350 350 
5952 350 350 
5953 350 350 
5954 350 350 
5954 350 350 
5955 350 350 
5956 350 352 
5957 350 350 
5957 350 350 
5958 350 350 
5959 350 350 
5960 350 350 
5960 350 350 
5961 350 350 
5962 350 350 
5962 350 351 
5963 350 351 
5964 350 350 
5965 350 350 
5965 350 350 
5966 350 350 
5967 350 351 
5968 350 351 
5968 350 350 
5969 350 350 
5970 350 350 
5970 350 350 
5971 350 350 
5972 350 350 
5973 350 350 
5973 350 350 
5974 350 350 
5975 350 350 
5975 350 350 
5976 350 350 
5977 350 350 
5978 350 350 
5978 350 350 
5979 350 350 
5980 350 350 
5981 350 350 
5981 350 350 
5982 350 350 
5983 350 350 
5983 350 350 
5984 350 350 
5985 200 350 
5986 200 350 
5987 200 350 
5988 200 350 
5988 200 350 
5989 200 350 
5990 200 350 
5991 200 350 
5991 200 350 
5992 200 350 
5993 200 350 
5994 200 350 
5994 200 349 
5995 200 349 
5996 200 349 
5997 200 348 
5997 200 348 
5998 200 348 
5999 200 348 
6000 200 347 
6000 200 345 
6001 200 345 
6002 200 344 
6003 200 343 
6003 200 342 
6004 200 342 
6005 200 341 
6006 200 340 
6006 200 340 
6007 200 337 
6008 200 337 
6009 200 335 
6009 200 335 
6010 200 335 
6011 200 335 
6011 200 335 
6012 200 332 
6013 200 332 
6014 200 331 
6014 200 331 
6015 200 329 
6016 200 328 
6017 200 327 
6017 200 327 
6018 200 326 
6019 200 325 
6020 200 322 
6020 200 322 
6021 200 321 
6022 200 320 
6022 200 320 
6023 200 319 
6024 200 317 
6025 200 317 
6026 200 317 
6026 200 316 
6027 200 314 
6028 200 313 
6029 200 313 
6029 200 312 
6030 200 311 
6031 200 311 
6031 200 311 
6032 200 309 
6033 200 309 
6034 200 309 
6034 200 308 
6035 200 306 
6036 200 306 
6037 200 305 
6037 200 304 
6038 200 303 
6039 200 303 
6040 200 302 
6040 200 301 
6041 200 301 
6042 200 301 
6043 200 300 
6043 200 297 
6044 200 297 
6045 200 297 
6045 200 296 
6046 200 295 
6047 200 295 
6048 200 294 
6049 200 293 
6049 200 293 
6050 200 293 
6051 200 290 
6051 200 290 
6052 200 290 
6053 200 289 
6054 200 288 
6054 200 287 
6055 200 287 
6056 200 286 
6057 200 286 
6057 200 286 
6058 200 284 
6059 200 281 
6060 200 283 
6060 200 283 
6061 200 281 
6062 200 280 
6063 200 279 
6063 200 279 
6064 200 277 
6065 200 277 
6066 200 276 
6066 200 276 
6067 200 275 
6068 200 273 
6068 200 273 
6069 200 272 
6070 200 271 
6071 200 270 
6071 200 270 
6072 200 269 
6073 200 268 
6074 200 268 
6074 200 267 
6075 200 268 
6076 200 264 
6077 200 264 
6077 200 263 
6078 200 261 
6079 200 261 
6080 200 261 
6080 200 259 
6081 200 258 
6082 200 256 
6083 200 256 
6083 200 255 
6084 200 254 
6085 200 254 
6086 200 253 
6086 200 252 
6087 200 250 
6088 200 250 
6088 200 250 
6089 200 247 
6090 200 247 
6091 200 246 
6091 200 245 
6092 200 244 
6093 200 244 
6094 200 243 
6094 200 242 
6095 200 242 
6096 200 240 
6097 200 239 
6097 200 237 
6098 200 237 
6099 200 237 
6100 200 236 
6100 200 236 
6101 200 236 
6102 200 234 
6102 200 234 
6103 200 234 
6104 200 233 
6105 200 230 
6105 200 229 
6106 200 229 
6107 200 229 
6108 200 228 
6108 200 228 
6109 200 228 
6110 200 227 
6111 200 226 
6111 200 226 
6112 200 225 
6113 200 223 
6114 200 223 
6114 200 225 
6115 200 222 
6116 200 221 
6116 200 221 
6117 200 220 
6118 200 220 
6119 200 220 
6119 200 220 
6120 200 219 
6121 200 218 
6122 200 218 
6122 200 217 
6123 200 217 
6124 200 215 
6125 200 215 
6125 200 215 
6126 200 214 
6127 200 214 
6127 200 213 
6128 200 213 
6129 200 212 
6130 200 212 
6130 200 212 
6131 200 211 
6132 200 211 
6133 200 211 
6133 200 210 
6134 200 210 
6135 200 210 
6136 200 209 
6136 200 206 
6137 200 208 
6138 200 208 
6139 200 206 
6139 200 206 
6140 200 206 
6141 200 206 
6142 200 208 
6142 200 205 
6143 200 205 
6144 200 205 
6144 200 205 
6145 200 205 
6146 200 204 
6147 200 204 
6147 200 203 
6148 200 203 
6149 200 203 
6150 200 203 
6150 200 203 
6151 200 203 
6152 200 203 
6153 200 202 
6153 200 202 
6154 200 202 
6155 200 201 
6156 200 201 
6156 200 201 
6157 200 201 
6158 200 201 
6158 200 201 
6159 200 200 
6160 200 200 
6161 200 200 
6161 200 200 
6162 200 198 
6163 200 200 
6163 200 200 
6164 200 200 
6165 200 198 
6166 200 198 
6166 200 198 
6167 200 198 
6168 200 198 
6168 200 198 
6169 200 198 
6170 200 198 
6171 200 198 
6171 200 197 
6172 200 198 
6173 200 198 
6173 200 198 
6174 200 198 
6175 200 198 
6176 200 198 
6176 200 197 
6177 200 197 
6178 200 197 
6179 200 197 
6179 200 197 
6180 200 198 
6181 200 198 
6181 200 197 
6182 200 198 
6183 200 198 
6184 200 197 
6184 200 197 
6185 200 198 
6186 200 198 
6187 200 197 
6187 200 197 
6188 200 197 
6189 200 197 
6190 200 197 
6190 200 197 
6191 200 197 
6192 200 196 
6192 200 197 
6193 200 197 
6194 200 197 
6195 200 198 
6195 200 197 
6196 200 197 
6197 200 197 
6198 200 197 
6198 200 197 
6199 200 197 
6200 200 197 
6201 200 197 
6201 200 197 
6202 200 197 
6203 200 197 
6203 200 197 
6204 200 197 
6205 200 197 
6206 200 197 
6206 200 197 
6207 200 197 
6208 200 197 
6208 200 197 
6209 200 197 
6210 200 197 
6211 200 198 
6211 200 198 
6212 200 197 
6213 200 198 
6213 200 198 
6214 200 198 
6215 200 198 
6216 200 198 
6216 200 197 
6217 200 198 
6218 200 198 
6219 200 198 
6219 200 198 
6220 200 198 
6221 200 198 
6221 200 198 
6222 200 198 
6223 200 198 
6224 200 198 
6224 200 198 
6225 200 198 
6226 200 198 
6226 200 198 
6227 200 198 
6228 200 198 
6229 200 198 
6229 200 198 
6230 200 198 
6231 200 198 
6232 200 198 
6232 200 198 
6233 200 200 
6234 200 200 
6234 200 198 
6235 200 200 
6236 200 200 
6237 200 200 
6237 200 200 
6238 200 200 
6239 200 200 
6240 200 200 
6240 200 200 
6241 200 200 
6242 200 200 
6243 200 200 
6243 200 200 
6244 200 200 
6245 200 200 
6245 200 200 
6246 200 200 
6247 200 201 
6248 200 201 
6248 200 201 
6249 200 201 
6250 200 201 
6251 200 201 
6251 200 201 
6252 200 202 
6253 200 201 
6254 200 201 
6254 200 201 
6255 200 201 
6256 200 201 
6256 200 201 
6257 200 201 
6258 200 201 
6259 200 201 
6259 200 201 
6260 200 201 
6261 200 201 
6262 200 201 
6262 200 201 
6263 200 201 
6264 200 201 
6265 200 201 
6265 200 201 
6266 200 201 
6267 200 201 
6268 200 201 
6268 200 202 
6269 200 201 
6270 200 201 
6270 200 201 
6271 200 201 
6272 200 201 
6273 200 201 
6273 200 201 
6274 200 201 
6275 200 201 
6276 200 201 
6276 200 201 
6277 200 201 
6278 200 201 
6279 200 201 
6279 200 201 
6280 200 201 
6281 200 201 
6282 200 201 
6282 200 201 
6283 200 201 
6284 200 201 
6284 200 202 
6285 200 201 
6286 200 201 
6287 200 201 
6288 200 201 
6288 200 201 
6289 200 201 
6290 200 201 
6290 200 201 
6291 200 201 
6292 200 201 
6293 200 201 
6293 200 201 
6294 200 201 
6295 200 201 
6296 200 201 
6296 200 201 
6297 200 201 
6298 200 201 
6299 200 201 
6299 200 201 
6300 200 201 
6301 200 201 
6302 200 201 
6302 200 201 
6303 200 201 
6304 200 201 
6305 200 202 
6305 200 202 
6306 200 201 
6307 200 201 
6307 200 201 
6308 200 201 
6309 200 201 
6310 200 201 
6310 200 201 
6311 200 201 
6312 200 201 
6313 200 201 
6313 200 201 
6314 200 201 
6315 200 201 
6316 200 201 
6316 200 201 
6317 200 201 
6318 200 201 
6319 200 201 
6319 200 201 
6320 200 201 
6321 200 201 
6321 200 201 
6322 200 201 
6323 200 201 
6324 200 201 
6324 200 201 
6325 200 201 
6326 200 201 
6327 200 201 
6327 200 201 
6328 200 201 
6329 200 201 
6330 200 201 
6330 200 201 
6331 200 201 
6332 200 201 
6333 200 201 
6333 200 201 
6334 200 201 
6335 200 201 
6336 200 201 
6336 200 201 
6337 200 201 
6338 200 201 
6338 200 201 
6339 200 201 
6340 200 201 
6341 200 201 
6341 200 201 
6342 200 201 
6343 200 201 
6344 200 201 
6344 200 201 
6345 200 201 
6346 200 201 
6347 200 201 
6347 200 201 
6348 200 201 
6349 200 201 
6350 200 201 
6350 200 201 
6351 200 201 
6352 200 201 
6352 200 201 
6353 200 201 
6354 200 201 
6355 200 200 
6355 200 200 
6356 200 201 
6357 200 201 
6357 200 201 
6358 200 201 
6359 200 201 
6360 200 200 
6360 200 200 
6361 200 202 
6362 200 201 
6363 200 201 
6363 200 201 
6364 200 201 
6365 200 201 
6366 200 201 
6366 200 201 
6367 200 201 
6368 200 201 
6369 200 201 
6369 200 200 
6370 200 201 
6371 200 201 
6372 200 201 
6372 200 201 
6373 200 201 
6374 200 201 
6374 200 201 
6375 200 201 
6376 200 201 
6377 200 201 
6377 200 201 
6378 200 201 
6379 200 201 
6380 200 201 
6380 200 201 
6381 200 202 
6382 200 202 
6383 200 201 
6383 200 201 
6384 200 201 
6385 200 201 
6386 200 202 
6386 200 201 
6387 200 201 
6388 200 201 
6388 200 201 
6389 200 201 
6390 200 201 
6391 200 201 
6391 200 201 
6392 200 201 
6393 200 201 
6394 200 201 
6394 200 201 
6395 200 201 
6396 200 202 
6397 200 201 
6397 200 201 
6398 200 201 
6399 200 201 
6400 200 201 
6400 200 201 
6401 200 201 
6402 200 201 
6402 200 201 
6403 200 201 
6404 200 201 
6405 200 201 
6405 200 201 
6406 200 201 
6407 200 201 
6407 200 201 
6408 200 201 
6409 200 201 
6410 200 201 
6410 200 201 
6411 200 201 
6412 200 201 
6413 200 201 
6413 200 201 
6414 200 201 
6415 200 201 
6416 200 201 
6416 200 201 
6417 200 201 
6418 200 201 
6419 200 201 
6419 200 201 
6420 200 201 
6421 200 201 
6422 200 201 
6422 200 201 
6423 200 201 
6424 200 201 
6425 200 201 
6425 200 201 
6426 200 201 
6427 200 201 
6428 200 201 
6428 200 201 
6429 200 201 
6430 200 201 
6430 200 201 
6431 200 201 
6432 200 201 
6433 200 202 
6433 200 201 
6434 200 201 
6435 200 201 
6436 200 201 
6436 200 201 
6437 200 201 
6438 200 201 
6439 200 201 
6439 200 201 
6440 200 201 
6441 200 201 
6442 200 201 
6442 200 201 
6443 200 201 
6444 200 201 
6445 200 201 
6445 200 201 
6446 200 201 
6447 200 201 
6447 200 201 
6448 200 201 
6449 200 201 
6450 200 201 
6450 200 201 
6451 200 201 
6452 200 202 
6452 200 202 
6453 200 201 
6454 200 201 
6455 200 201 
6455 200 201 
6456 200 201 
6457 200 201 
6458 200 201 
6458 200 201 
6459 200 201 
6460 200 201 
6461 200 201 
6461 200 201 
6462 200 201 
6463 200 201 
6464 200 201 
6464 200 201 
6465 200 203 
6466 200 201 
6467 200 201 
6467 200 201 
6468 200 201 
6469 200 201 
6470 200 201 
6470 200 201 
6471 200 201 
6472 200 201 
6473 200 201 
6473 200 201 
6474 200 201 
6475 200 201 
6476 200 201 
6476 200 201 
6477 200 201 
6478 200 201 
6479 200 201 
6479 200 201 
6480 200 201 
6481 200 201 
6481 200 201 
6482 200 201 
6483 200 201 
6484 200 201 
6484 200 201 
6485 200 201 
6486 200 201 
6487 200 201 
6487 200 201 
6488 200 201 
6489 200 201 
6490 200 201 
6490 200 201 
6491 200 201 
6492 200 201 
6493 200 201 
6493 200 201 
6494 200 201 
6495 200 201 
6495 200 201 
6496 200 201 
6497 200 201 
6498 200 201 
6498 200 201 
6499 200 201 
6500 200 201 
6501 200 201 
6501 200 201 
6502 200 201 
6503 200 201 
6503 200 201 
6504 200 201 
6505 200 201 
6506 200 201 
6506 200 201 
6507 200 201 
6508 200 203 
6509 200 203 
6509 200 201 
6510 200 201 
6511 200 201 
6512 200 201 
6512 200 201 
6513 200 201 
6514 200 201 
6515 200 201 
6515 200 201 
6516 200 201 
6517 200 201 
6518 200 201 
6518 200 201 
6519 200 200 
6520 200 200 
6520 200 201 
6521 200 201 
6522 200 201 
6523 200 201 
6523 200 200 
6524 200 201 
6525 200 201 
6526 200 201 
6526 200 201 
6527 200 201 
6528 200 201 
6529 200 201 
6529 200 201 
6530 200 201 
6531 200 201 
6532 200 201 
6532 200 201 
6533 200 201 
6534 200 201 
6534 200 201 
6535 200 201 
6536 200 201 
6537 200 201 
6537 200 201 
6538 200 201 
6539 200 201 
6540 200 201 
6540 200 201 
6541 200 201 
6542 200 201 
6543 200 201 
6543 200 201 
6544 200 201 
6545 200 202 
6546 200 201 
6546 200 201 
6547 200 201 
6548 200 201 
6549 200 201 
6549 200 201 
6550 200 198 
6551 200 201 
6551 200 201 
6552 200 201 
6553 200 201 
6554 200 201 
6555 200 201 
6555 200 201 
6556 200 201 
6557 200 201 
6558 200 201 
6558 200 201 
6559 200 202 
6560 200 202 
6560 200 201 
6561 200 201 
6562 200 201 
6563 200 201 
6563 200 201 
6564 200 201 
6565 200 201 
6566 200 201 
6567 200 201 
6567 200 201 
6568 200 201 
6569 200 201 
6569 200 201 
6570 200 201 
6571 200 201 
6572 200 201 
6572 200 201 
6573 200 201 
6574 200 201 
6575 200 201 
6575 200 201 
6576 200 201 
6577 200 200 
6578 200 201 
6578 200 201 
6579 200 201 
6580 200 201 
6581 200 201 
6581 200 201 
6582 200 201 
6583 200 201 
6584 200 201 
6584 200 201 
6585 200 202 
6586 200 201 
6587 200 201 
6587 200 201 
6588 200 201 
6589 200 201 
6590 200 201 
6590 200 201 
6591 200 201 
6592 200 201 
6593 200 201 
6593 200 201 
6594 200 201 
6595 200 201 
6595 200 201 
6596 200 201 
6597 200 201 
6598 200 201 
6598 200 201 
6599 200 201 
6600 200 202 
6601 200 201 
6601 200 201 
6602 200 201 
6603 200 201 
6604 200 201 
6604 200 203 
6605 200 201 
6606 200 201 
6607 200 201 
6607 200 201 
6608 200 201 
6609 200 201 
6610 200 201 
6610 200 201 
6611 200 201 
6612 200 201 
6613 200 201 
6613 200 201 
6614 200 201 
6615 200 201 
6616 200 201 
6616 200 201 
6617 200 201 
6618 200 201 
6618 200 200 
6619 200 201 
6620 200 201 
6621 200 201 
6621 200 201 
6622 200 201 
6623 200 201 
6624 200 201 
6624 200 201 
6625 200 201 
6626 200 201 
6627 200 201 
6627 200 201 
6628 200 201 
6629 200 201 
6629 200 201 
6630 200 201 
6631 200 201 
6632 200 201 
6633 200 201 
6633 200 201 
6634 200 201 
6635 200 201 
6636 200 201 
6636 200 201 
6637 200 201 
6638 200 201 
6639 350 201 
6640 350 201 
6640 350 201 
6641 350 201 
6642 350 201 
6642 350 201 
6643 350 201 
6644 350 202 
6645 350 202 
6645 350 202 
6646 350 201 
6647 350 201 
6647 350 201 
6648 350 202 
6649 350 202 
6650 350 202 
6650 350 202 
6651 350 202 
6652 350 203 
6653 350 203 
6653 350 203 
6654 350 204 
6655 350 205 
6656 350 205 
6656 350 208 
6657 350 206 
6658 350 206 
6658 350 208 
6659 350 210 
6660 350 211 
6661 350 211 
6662 350 212 
6662 350 213 
6663 350 212 
6664 350 212 
6664 350 215 
6665 350 215 
6666 350 215 
6667 350 218 
6667 350 219 
6668 350 220 
6669 350 220 
6670 350 219 
6670 350 222 
6671 350 222 
6672 350 223 
6673 350 225 
6673 350 226 
6674 350 226 
6675 350 227 
6676 350 228 
6676 350 228 
6677 350 231 
6678 350 231 
6678 350 233 
6679 350 233 
6680 350 234 
6681 350 235 
6681 350 236 
6682 350 236 
6683 350 236 
6684 350 237 
6684 350 237 
6685 350 239 
6686 350 240 
6687 350 242 
6687 350 242 
6688 350 243 
6689 350 244 
6690 350 244 
6690 350 245 
6691 350 246 
6692 350 247 
6692 350 247 
6693 350 248 
6694 350 250 
6695 350 252 
6695 350 252 
6696 350 255 
6697 350 254 
6698 350 254 
6698 350 255 
6699 350 258 
6700 350 259 
6701 350 259 
6701 350 259 
6702 350 261 
6703 350 262 
6704 350 262 
6704 350 264 
6705 350 265 
6706 350 265 
6707 350 267 
6707 350 268 
6708 350 269 
6709 350 269 
6710 350 270 
6710 350 272 
6711 350 273 
6712 350 273 
6713 350 276 
6713 350 277 
6714 350 279 
6715 350 279 
6716 350 280 
6716 350 280 
6717 350 280 
6718 350 283 
6719 350 284 
6719 350 285 
6720 350 285 
6721 350 287 
6722 350 288 
6722 350 288 
6723 350 288 
6724 350 290 
6724 350 292 
6725 350 292 
6726 350 293 
6727 350 294 
6727 350 295 
6728 350 295 
6729 350 296 
6730 350 297 
6730 350 297 
6731 350 298 
6732 350 300 
6733 350 302 
6733 350 302 
6734 350 302 
6735 350 303 
6736 350 304 
6736 350 304 
6737 350 305 
6738 350 306 
6739 350 306 
6739 350 308 
6740 350 309 
6741 350 309 
6741 350 309 
6742 350 310 
6743 350 311 
6744 350 312 
6744 350 312 
6745 350 313 
6746 350 314 
6747 350 314 
6747 350 316 
6748 350 316 
6749 350 318 
6750 350 318 
6750 350 318 
6751 350 319 
6752 350 319 
6752 350 320 
6753 350 321 
6754 350 322 
6755 350 322 
6755 350 322 
6756 350 324 
6757 350 324 
6758 350 325 
6758 350 326 
6759 350 326 
6760 350 326 
6761 350 327 
6761 350 331 
6762 350 331 
6763 350 329 
6764 350 329 
6764 350 331 
6765 350 331 
6766 350 331 
6766 350 332 
6767 350 332 
6768 350 332 
6769 350 333 
6769 350 333 
6770 350 333 
6771 350 334 
6772 350 335 
6772 350 335 
6773 350 335 
6774 350 336 
6775 350 339 
6775 350 339 
6776 350 337 
6777 350 339 
6778 350 339 
6778 350 339 
6779 350 337 
6780 350 340 
6781 350 340 
6781 350 340 
6782 350 340 
6783 350 341 
6783 350 341 
6784 350 341 
6785 350 344 
6786 350 343 
6786 350 343 
6787 350 343 
6788 350 343 
6789 350 343 
6789 350 343 
6790 350 344 
6791 350 345 
6791 350 345 
6792 350 345 
6793 350 345 
6794 350 347 
6795 350 347 
6795 350 347 
6796 350 347 
6797 350 347 
6798 350 347 
6798 350 348 
6799 350 348 
6800 350 348 
6800 350 349 
6801 350 348 
6802 350 348 
6803 350 348 
6803 350 349 
6804 350 349 
6805 350 349 
6806 350 349 
6806 350 349 
6807 350 349 
6808 350 349 
6808 350 350 
6809 350 350 
6810 350 350 
6811 350 350 
6811 350 350 
6812 350 350 
6813 350 350 
6814 350 351 
6814 350 351 
6815 350 351 
6816 350 351 
6817 350 351 
6817 350 351 
6818 350 351 
6819 350 351 
6820 350 351 
6820 350 351 
6821 350 351 
6822 350 351 
6822 350 352 
6823 350 352 
6824 350 351 
6825 350 352 
6825 350 352 
6826 350 351 
6827 350 352 
6828 350 352 
6828 350 352 
6829 350 352 
6830 350 352 
6831 350 352 
6831 350 352 
6832 350 352 
6833 350 352 
6834 350 352 
6834 350 352 
6835 350 352 
6836 350 352 
6836 350 352 
6837 350 352 
6838 350 352 
6839 350 352 
6839 350 352 
6840 350 352 
6841 350 354 
6842 350 352 
6842 350 352 
6843 350 352 
6844 350 352 
6845 350 352 
6845 350 352 
6846 350 352 
6847 350 352 
6848 350 352 
6848 350 352 
6849 350 352 
6850 350 351 
6851 350 351 
6851 350 352 
6852 350 352 
6853 350 352 
6854 350 352 
6854 350 352 
6855 350 352 
6856 350 352 
6857 350 352 
6857 350 352 
6858 350 352 
6859 350 352 
6860 350 352 
6860 350 352 
6861 350 352 
6862 350 352 
6863 350 352 
6863 350 352 
6864 350 352 
6865 350 352 
6866 350 352 
6866 350 352 
6867 350 352 
6868 350 352 
6869 350 352 
6869 350 352 
6870 350 352 
6871 350 352 
6871 350 351 
6872 350 351 
6873 350 352 
6874 350 352 
6875 350 352 
6875 350 352 
6876 350 352 
6877 350 352 
6878 350 352 
6878 350 352 
6879 350 352 
6880 350 352 
6880 350 352 
6881 350 352 
6882 350 352 
6883 350 352 
6883 350 352 
6884 350 352 
6885 350 352 
6886 350 352 
6886 350 352 
6887 350 352 
6888 350 352 
6888 350 352 
6889 350 352 
6890 350 352 
6891 350 352 
6891 350 352 
6892 350 352 
6893 350 352 
6894 350 352 
6894 350 352 
6895 350 352 
6896 350 352 
6897 350 352 
6897 350 352 
6898 350 350 
6899 350 352 
6900 350 352 
6900 350 351 
6901 350 351 
6902 350 351 
6903 350 351 
6904 350 351 
6904 350 351 
6905 350 351 
6906 350 351 
6906 350 351 
6907 350 351 
6908 350 351 
6909 350 351 
6909 350 351 
6910 350 351 
6911 350 351 
6912 350 351 
6912 350 351 
6913 350 351 
6914 350 351 
6915 350 351 
6915 350 351 
6916 350 351 
6917 350 351 
6918 350 351 
6918 350 351 
6919 350 351 
6920 350 351 
6921 350 351 
6921 350 351 
6922 350 351 
6923 350 351 
6924 350 351 
6924 350 351 
6925 350 351 
6926 350 351 
6927 350 351 
6927 350 351 
6928 350 351 
6929 350 351 
6929 350 351 
6930 350 351 
6931 350 351 
6932 350 351 
6932 350 351 
6933 350 351 
6934 350 352 
6935 350 351 
6935 350 351 
6936 350 350 
6937 350 350 
6938 350 350 
6938 350 350 
6939 350 350 
6940 350 350 
6941 350 350 
6941 350 350 
6942 350 350 
6943 350 350 
6943 350 350 
6944 350 350 
6945 350 350 
6946 350 350 
6946 350 350 
6947 350 350 
6948 350 350 
6949 350 350 
6949 350 350 
6950 350 350 
6951 350 350 
6951 350 350 
6952 350 350 
6953 350 350 
6954 350 350 
6954 350 350 
6955 350 350 
6956 350 350 
6957 350 350 
6957 350 350 
6958 350 350 
6959 350 352 
6960 350 350 
6960 350 350 
6961 350 350 
6962 350 350 
6962 350 350 
6963 350 350 
6964 350 350 
6965 350 350 
6965 350 350 
6966 350 350 
6967 350 350 
6967 350 350 
6968 350 350 
6969 350 349 
6970 350 350 
6970 350 350 
6971 350 350 
6972 350 350 
6973 350 350 
6973 350 350 
6974 350 350 
6975 350 351 
6975 350 351 
6976 350 350 
6977 350 350 
6978 350 350 
6978 350 350 
6979 350 350 
6980 350 350 
6981 350 350 
6981 350 351 
6982 350 350 
6983 350 350 
6983 350 350 
6984 350 350 
6985 350 350 
6986 350 350 
6986 350 350 
6987 350 350 
6988 350 350 
6989 350 350 
6989 350 350 
6990 350 350 
6991 350 350 
6991 350 350 
6992 350 350 
6993 350 350 
6994 350 350 
6994 350 350 
6995 350 350 
6996 350 350 
6997 350 350 
6997 350 350 
6998 350 350 
6999 350 350 
6999 350 350 
7000 350 350 
7001 350 350 
7002 350 350 
7002 350 350 
7003 350 350 
7004 350 350 
7005 350 350 
7005 350 350 
7006 350 350 
7007 350 350 
7008 350 350 
7008 350 350 
7009 350 350 
7010 350 350 
7010 350 350 
7011 350 350 
7012 350 350 
7013 350 350 
7013 350 350 
7014 350 350 
7015 350 350 
7016 350 349 
7016 350 349 
7017 350 350 
7018 350 350 
7018 350 350 
7019 350 350 
7020 350 350 
7021 350 350 
7021 350 350 
7022 350 350 
7023 350 350 
7024 350 350 
7024 350 350 
7025 350 350 
7026 350 351 
7026 350 351 
7027 350 350 
7028 350 350 
7029 350 350 
7029 350 350 
7030 350 350 
7031 350 350 
7031 350 350 
7032 350 350 
7033 350 350 
7034 350 350 
7034 350 349 
7035 350 350 
7036 350 350 
7037 350 350 
7037 350 350 
7038 350 350 
7039 350 350 
7039 350 350 
7040 350 350 
7041 350 350 
7042 350 350 
7042 350 350 
7043 350 350 
7044 350 350 
7045 350 350 
7045 350 350 
7046 350 350 
7047 350 350 
7047 350 351 
7048 350 350 
7049 350 350 
7050 350 350 
7050 350 350 
7051 350 350 
7052 350 350 
7053 350 350 
7053 350 350 
7054 350 350 
7055 350 350 
7056 350 350 
7056 350 350 
7057 350 350 
7058 350 350 
7059 350 350 
7059 350 350 
7060 350 351 
7061 350 351 
7061 350 350 
7062 350 350 
7063 350 350 
7064 350 350 
7064 350 350 
7065 350 350 
7066 350 350 
7067 350 350 
7067 350 350 
7068 350 350 
7069 350 350 
7069 350 350 
7070 350 350 
7071 350 350 
7072 350 350 
7072 350 350 
7073 350 350 
7074 350 350 
7074 350 350 
7075 350 351 
7076 350 350 
7077 350 350 
7077 350 350 
7078 350 350 
7079 350 351 
7080 350 351 
7080 350 350 
7081 350 351 
7082 350 351 
7083 350 351 
7083 350 350 
7084 350 350 
7085 350 350 
7086 350 350 
7086 350 350 
7087 350 350 
7088 350 350 
7088 350 351 
7089 350 350 
7090 350 350 
7091 350 350 
7091 350 350 
7092 350 350 
7093 350 350 
7094 350 350 
7094 350 349 
7095 350 351 
7096 350 351 
7097 350 350 
7097 350 350 
7098 350 350 
7099 350 350 
7099 350 350 
7100 350 350 
7101 350 350 
7102 350 350 
7102 350 350 
7103 350 350 
7104 350 350 
7105 350 350 
7105 350 350 
7106 350 350 
7107 350 350 
7108 350 350 
7108 350 350 
7109 350 350 
7110 350 350 
7110 350 350 
7111 350 350 
7112 350 350 
7113 350 350 
7113 350 350 
7114 350 350 
7115 350 351 
7116 350 351 
7116 350 351 
7117 350 350 
7118 350 350 
7119 350 350 
7119 350 350 
7120 350 350 
7121 350 350 
7121 350 350 
7122 350 350 
7123 350 350 
7124 350 350 
7124 350 350 
7125 350 350 
7126 350 350 
7126 350 350 
7127 350 350 
7128 350 350 
7129 350 351 
7129 350 351 
7130 350 350 
7131 350 350 
7132 350 350 
7132 350 350 
7133 350 350 
7134 350 350 
7135 350 350 
7135 350 350 
7136 350 351 
7137 350 351 
7137 350 351 
7138 350 350 
7139 350 350 
7140 350 350 
7140 350 351 
7141 350 350 
7142 350 350 
7143 350 350 
7143 350 350 
7144 350 350 
7145 350 350 
7145 350 350 
7146 350 350 
7147 350 350 
7148 350 350 
7148 350 350 
7149 350 350 
7150 350 350 
7151 350 350 
7151 350 350 
7152 350 350 
7153 350 350 
7154 350 351 
7154 350 350 
7155 350 350 
7156 350 350 
7156 350 351 
7157 350 351 
7158 350 350 
7159 350 350 
7159 350 351 
7160 350 351 
7161 350 351 
7162 350 350 
7162 350 350 
7163 350 351 
7164 350 350 
7165 350 350 
7165 350 350 
7166 350 350 
7167 350 350 
7167 350 350 
7168 350 350 
7169 350 350 
7170 350 351 
7170 350 351 
7171 350 350 
7172 350 350 
7173 350 350 
7173 350 350 
7174 350 350 
7175 350 350 
7175 350 350 
7176 350 350 
7177 350 350 
7178 350 350 
7178 350 350 
7179 350 350 
7180 350 350 
7181 350 350 
7181 350 350 
7182 350 351 
7183 350 351 
7183 350 351 
7184 350 350 
7185 350 350 
7186 350 350 
7186 350 351 
7187 350 351 
7188 350 351 
7189 350 350 
7189 350 351 
7190 350 350 
7191 350 350 
7192 350 350 
7192 350 352 
7193 350 352 
7194 350 351 
7194 350 350 
7195 350 350 
7196 350 350 
7197 350 350 
7197 350 350 
7198 350 350 
7199 350 350 
7200 350 352 
7200 350 350 
7201 350 350 
7202 350 350 
7202 350 350 
7203 350 350 
7204 350 350 
7205 350 350 
7205 350 352 
7206 350 352 
7207 350 350 
7208 350 350 
7208 350 350 
7209 350 351 
7210 350 350 
7210 350 350 
7211 350 350 
7212 350 351 
7213 350 350 
7213 350 350 
7214 350 350 
7215 350 351 
7216 350 351 
7216 350 351 
7217 350 350 
7218 350 350 
7218 350 350 
7219 350 350 
7220 350 350 
7221 350 350 
7221 350 350 
7222 350 350 
7223 350 349 
7223 350 349 
7224 350 350 
7225 350 350 
7226 350 350 
7226 350 350 
7227 350 350 
7228 350 350 
7229 350 350 
7229 350 350 
7230 350 351 
7231 350 350 
7232 350 350 
7232 350 350 
7233 350 350 
7234 350 350 
7234 350 350 
7235 350 350 
7236 350 350 
7237 350 350 
7237 350 350 
7238 350 350 
7239 350 350 
7240 350 350 
7240 350 350 
7241 350 350 
7242 350 350 
7242 350 350 
7243 350 350 
7244 350 350 
7245 350 350 
7245 350 350 
7246 350 350 
7247 350 350 
7248 350 350 
7248 350 350 
7249 350 350 
7250 350 350 
7250 350 350 
7251 350 350 
7252 350 350 
7253 350 350 
7253 350 350 
7254 350 350 
7255 350 350 
7256 350 350 
7256 350 350 
7257 350 350 
7258 350 350 
7259 350 352 
7259 350 352 
7260 350 350 
7261 350 350 
7261 350 350 
7262 350 350 
7263 350 349 
7264 350 351 
7264 350 351 
7265 350 350 
7266 350 350 
7267 350 350 
7267 350 350 
7268 350 350 
7269 350 350 
7269 350 350 
7270 350 351 
7271 350 350 
7272 350 350 
7272 350 350 
7273 350 351 
7274 350 350 
7275 350 350 
7275 350 350 
7276 350 350 
7277 350 350 
7277 350 350 
7278 350 350 
7279 350 350 
7280 350 350 
7280 350 350 
7281 350 351 
7282 350 351 
7283 350 350 
7283 350 350 
7284 350 349 
7285 350 349 
7285 350 350 
7286 350 350 
7287 350 350 
7288 350 350 
7288 350 350 
7289 350 349 
7290 350 349 
7291 350 350 
7291 350 350 
7292 200 350 
7293 200 350 
7294 200 350 
7295 200 350 
7295 200 350 
7296 200 350 
7297 200 350 
7298 200 350 
7298 200 350 
7299 200 350 
7300 200 350 
7301 200 349 
7301 200 349 
7302 200 351 
7303 200 348 
7303 200 348 
7304 200 348 
7305 200 347 
7306 200 347 
7307 200 344 
7307 200 344 
7308 200 343 
7309 200 343 
7310 200 341 
7310 200 341 
7311 200 340 
7312 200 339 
7312 200 339 
7313 200 339 
7314 200 337 
7315 200 335 
7315 200 335 
7316 200 334 
7317 200 333 
7318 200 332 
7318 200 332 
7319 200 331 
7320 200 331 
7321 200 331 
7321 200 329 
7322 200 328 
7323 200 327 
7324 200 327 
7324 200 325 
7325 200 324 
7326 200 322 
7326 200 322 
7327 200 321 
7328 200 320 
7329 200 320 
7329 200 319 
7330 200 318 
7331 200 317 
7332 200 317 
7332 200 317 
7333 200 314 
7334 200 314 
7335 200 313 
7335 200 312 
7336 200 311 
7337 200 311 
7338 200 309 
7338 200 309 
7339 200 308 
7340 200 308 
7341 200 308 
7341 200 306 
7342 200 306 
7343 200 304 
7343 200 304 
7344 200 303 
7345 200 303 
7346 200 303 
7346 200 301 
7347 200 301 
7348 200 300 
7349 200 298 
7349 200 297 
7350 200 297 
7351 200 296 
7352 200 296 
7352 200 295 
7353 200 295 
7354 200 293 
7355 200 293 
7355 200 293 
7356 200 292 
7357 200 290 
7358 200 289 
7358 200 289 
7359 200 289 
7360 200 290 
7361 200 287 
7361 200 287 
7362 200 286 
7363 200 285 
7363 200 285 
7364 200 284 
7365 200 283 
7366 200 281 
7366 200 281 
7367 200 280 
7368 200 280 
7369 200 277 
7369 200 277 
7370 200 277 
7371 200 277 
7372 200 277 
7372 200 276 
7373 200 275 
7374 200 272 
7375 200 272 
7375 200 272 
7376 200 270 
7377 200 270 
7377 200 270 
7378 200 269 
7379 200 267 
7380 200 267 
7380 200 265 
7381 200 264 
7382 200 264 
7383 200 264 
7383 200 262 
7384 200 261 
7385 200 261 
7386 200 260 
7386 200 260 
7387 200 260 
7388 200 258 
7388 200 256 
7389 200 255 
7390 200 255 
7391 200 253 
7391 200 253 
7392 200 252 
7393 200 252 
7394 200 251 
7394 200 248 
7395 200 248 
7396 200 247 
7397 200 246 
7397 200 245 
7398 200 245 
7399 200 244 
7400 200 243 
7400 200 242 
7401 200 242 
7402 200 240 
7403 200 238 
7403 200 238 
7404 200 237 
7405 200 237 
7406 200 236 