   15  461  461    0
   44  461  461    0
   67  461  460    0
   91  461  460 1028
  114  462  461 1028
  138  463  459 1028
  162  464  462 1028
  185  465  463 1028
  209  466  465   20
  232  468  465   20
  256  469  468   20
  279  470  469   20
  303  472  470   20
  326  474  472   20
  350  475  474   28
  373  477  475   28
  397  479  477   28
  421  481  479   28
  444  482  481   28
  468  484  483   28
  491  486  484   36
  515  487  488   36
  538  489  488   36
  562  491  489   36
  585  493  491   36
  609  494  493   36
  632  496  494   36
  656  498  497   36
  680  499  498   36
  703  501  498   36
  727  503  502   36
  750  505  503   32
  774  506  504   32
  797  507  505   32
  821  508  507   32
  845  510  508   32
  868  510  509   24
  892  511  510   24
  915  512  510   24
  939  512  511   24
  962  512  509   24
  986  512  511   24
 1009  512  511    8
 1033  512  510    8
 1056  512  511    8
 1080  512  511    8
 1104  512  511    8
 1127  512  513    0
 1151  512  511    0
 1174  512  511    0
 1198  512  511    0
 1221  512  511    0
 1245  512  511    0
 1268  512  511    0
 1292  512  511    0
 1315  512  511    0
 1339  512  511    0
 1363  512  511    0
 1386  512  511    0
 1410  512  511    0
 1433  512  511    0
 1457  512  511    0
 1480  512  511    0
 1504  512  511    0
 1527  512  511    0
 1551  512  511    0
 1574  512  511    0
 1598  512  511    0
 1622  512  511    0
 1645  512  511    0
 1669  512  511    0
 1692  512  510    0
 1716  512  511    0
 1739  512  511    0
 1763  512  511    0
 1786  512  510    0
 1810  512  511    0
 1834  512  511    0
 1857  512  511    0
 1881  512  511    0
 1904  512  511    0
 1928  512  511    0
 1951  512  511    0
 1975  512  511    0
 1998  512  511    0
 2022  512  511    0
 2046  512  511    0
 2069  512  511    0
 2093  512  511    0
 2116  512  511    0
 2140  512  509    0
 2163  512  511    0
 2187  512  511    0
 2210  512  511    0
 2234  512  511    0
 2257  512  511    0
 2281  512  511    0
 2304  512  511    0
 2328  512  511    0
 2352  512  511    0
 2375  512  511    0
 2399  512  511    0
 2422  512  511    0
 2446  512  511    0
 2469  512  511    0
 2493  512  510    0
 2517  512  511    0
 2540  512  512    0
 2564  512  511    0
 2587  512  511    0
 2611  512  511    0
 2634  512  511    0
 2658  512  509    0
 2681  512  511    0
 2705  512  511    0
 2728  512  511    0
 2752  512  511    0
 2776  512  511    0
 2799  512  511    0
 2823  512  511    0
 2846  512  511    0
 2870  512  511    0
 2893  512  511    0
 2917  512  511    0
 2940  512  511    0
 2975  512  511    0
 3003  512  512    0
 3027  515  512    0
 3050  520  516    0
 3074  526  521    0
 3097  535  528   64
 3121  545  540   64
 3145  557  551   64
 3168  571  562   64
 3192  587  577   64
 3215  605  594   64
 3239  625  613  272
 3262  642  635  272
 3286  657  648  272
 3309  670  662  272
 3333  682  675  272
 3357  692  686  308
 3380  700  696  308
 3404  706  703  308
 3427  709  708  308
 3451  712  711  308
 3474  711  711  308
 3498  710  710   92
 3521  708  710   92
 3545  705  706   92
 3568  700  701   92
 3592  694  697   92
 3616  687  691 1104
 3639  679  682 1104
 3663  670  674 1104
 3686  659  663 1104
 3710  647  652 1104
 3733  635  641 1104
 3757  622  627 1236
 3780  609  614 1236
 3804  596  602 1236
 3827  583  589 1236
 3851  570  576 1236
 3875  558  561 1288
 3898  545  550 1288
 3922  532  537 1288
 3945  519  524 1288
 3969  506  511 1288
 3992  493  499 1288
 4016  480  488 1284
 4039  467  471 1284
 4063  455  461 1284
 4087  442  448 1284
 4110  429  435 1284
 4134  416  422 1284
 4157  403  409 1284
 4181  390  395 1284
 4204  376  381 1284
 4228  364  370 1284
 4251  354  358 1284
 4275  344  348 1268
 4298  336  339 1268
 4322  329  332 1268
 4346  323  325 1268
 4369  318  319 1268
 4393  315  313 1268
 4416  313  312 1152
 4440  311  311 1152
 4463  312  310 1152
 4487  317  312 1152
 4510  325  320 1152
 4534  337  328   52
 4557  352  342   52
 4581  371  360   52
 4605  395  381   52
 4628  421  405   52
 4652  452  433   52
 4675  486  467  444
 4699  525  503  444
 4722  560  543  444
 4746  592  576  444
 4769  620  605  444
 4793  644  633  672
 4817  665  657  672
 4840  682  673  672
 4864  695  688  672
 4887  705  699  672
 4911  710  707  672
 4934  712  711  276
 4958  710  711  276
 4981  704  706  276
 5005  695  699  276
 5029  682  688  276
 5052  665  674 1172
 5076  644  656 1172
 5099  620  633 1172
 5123  592  607 1172
 5146  560  577 1172
 5170  524  543 1172
 5193  487  505 1608
 5217  453  470 1608
 5240  422  436 1608
 5264  395  409 1608
 5288  372  383 1608
 5311  353  361 1608
 5335  337  344 1588
 5358  325  331 1588
 5382  317  320 1588
 5405  313  313 1588
 5429  312  310 1588
 5452  322  313 1176
 5476  343  328 1176
 5499  375  353 1176
 5523  419  392 1176
 5547  569  438 1176
 5570  620  487 1176
 5594  661  535  704
 5617  689  582  704
 5641  707  631  704
 5664  712  678  704
 5688  706  712  704
 5712  688  705  720
 5735  660  676  720
 5759  619  643  720
 5782  568  599  720
 5806  420  553  720
 5829  376  503  720
 5853  343  455 1868
 5876  322  406 1868
 5900  312  358 1868
 5935  311  304 1868
 5963  312  306 1868
 5986  318  314 1612
 6010  327  322 1612
 6033  340  331 1612
 6057  357  346 1612
 6080  378  365 1612
 6104  402  389  288
 6127  431  414  288
 6151  462  443  288
 6175  498  478  288
 6198  537  515  288
 6222  571  555  288
 6245  602  586  664
 6269  629  614  664
 6292  652  641  664
 6316  672  661  664
 6340  687  680  664
 6363  699  693  448
 6387  707  703  448
 6410  711  709  448
 6434  711  712  448
 6457  710  710  448
 6481  708  709  448
 6504  705  705   40
 6528  700  701   40
 6551  694  697   40
 6575  687  689   40
 6599  679  682   40
 6622  670  674 1152
 6646  659  662 1152
 6669  647  654 1152
 6693  635  641 1152
 6716  622  627 1152
 6740  609  614 1152
 6763  596  602 1272
 6787  583  589 1272
 6810  570  576 1272
 6834  558  563 1272
 6858  545  550 1272
 6881  532  537 1272
 6905  519  524 1288
 6928  506  512 1288
 6952  493  499 1288
 6975  480  485 1288
 6999  467  473 1288
 7022  455  461 1280
 7046  442  448 1280
 7069  429  433 1280
 7093  416  421 1280
 7117  403  409 1280
 7140  390  395 1280
 7164  376  383 1280
 7187  364  369 1280
 7211  354  358 1280
 7234  344  348 1280
 7258  336  339 1280
 7281  329  331 1236
 7305  323  325 1236
 7329  318  319 1236
 7352  315  314 1236
 7376  313  312 1236
 7399  311  311 1236
 7423  312  311 1096
 7446  317  312 1096
 7470  325  319 1096
 7493  337  328 1096
 7517  352  341 1096
 7541  371  358  188
 7564  395  379  188
 7588  421  405  188
 7611  452  433  188
 7635  486  465  188
 7658  525  501  188
 7682  560  541  612
 7705  592  574  612
 7729  620  606  612
 7752  644  633  612
 7776  665  655  612
 7800  682  674  540
 7823  695  688  540
 7847  705  700  540
 7870  710  707  540
 7894  712  711  540
 7917  710  711  540
 7941  704  707  104
 7964  695  699  104
 7988  682  688  104
 8012  665  674  104
 8035  644  655  104
 8059  620  632  104
 8082  592  606 1344
 8106  560  577 1344
 8129  524  543 1344
 8153  487  504 1344
 8176  453  469 1344
 8200  422  439 1688
 8224  395  408 1688
 8247  372  383 1688
 8271  353  361 1688
 8294  337  343 1688
 8318  325  330 1688
 8341  317  319 1440
 8365  313  313 1440
 8388  312  311 1440
 8412  322  314 1440
 8435  343  326 1440
 8459  375  352  120
 8483  419  391  120
 8506  569  435  120
 8530  620  483  120
 8553  661  534  120
 8577  689  581  120
 8600  707  629  928
 8624  712  680  928
 8647  706  712  928
 8671  688  705  928
 8694  660  676  928
 8718  619  643   76
 8742  568  599   76
 8765  420  552   76
 8789  376  502   76
 8812  343  454   76
 8836  322  406   76
 8859  312  358 1988
 8895  311  304 1988
 8922  312  306 1988
 8946  318  313 1988
 8969  327  321 1988
 8993  340  331 1168
 9016  357  345 1168
 9040  378  364 1168
 9063  402  388 1168
 9087  431  412 1168
 9111  462  443  444
 9134  498  477  444
 9158  537  514  444
 9181  571  553  444
 9205  602  586  444
 9228  629  614  444
 9252  652  641  672
 9275  672  662  672
 9299  687  680  672
 9322  699  692  672
 9346  707  704  672
 9370  711  709  672
 9393  711  711  276
 9417  710  711  276
 9440  708  709  276
 9464  705  704  276
 9487  700  701  276
 9511  694  696 1072
 9534  687  691 1072
 9558  679  682 1072
 9582  670  674 1072
 9605  659  663 1072
 9629  647  652 1072
 9652  635  641 1208
 9676  622  627 1208
 9699  609  614 1208
 9723  596  602 1208
 9746  583  589 1208
 9770  570  576 1284
 9793  558  563 1284
 9817  545  550 1284
 9841  532  537 1284
 9864  519  524 1284
 9888  506  511 1284
 9911  493  499 1292
 9935  480  487 1292
 9958  467  473 1292
 9982  455  461 1292
10005  442  448 1292
10029  429  436 1276
10053  416  422 1276
10076  403  410 1276
10100  390  395 1276
10123  376  382 1276
10147  364  369 1276
10170  354  358 1284
10194  344  348 1284
10217  336  339 1284
10241  329  331 1284
10264  323  325 1284
10288  318  319 1180
10311  315  314 1180
10335  313  312 1180
10359  311  311 1180
10382  312  310 1180
10406  317  312 1180
10429  325  319    0
10453  337  328    0
10476  352  341    0
10500  371  360    0
10524  395  380    0
10547  421  405    0
10571  452  433  352
10594  486  465  352
10618  525  502  352
10641  560  541  352
10665  592  575  352
10688  620  605  684
10712  644  632  684
10735  665  655  684
10759  682  673  684
10783  695  688  684
10806  705  699  684
10830  710  707  372
10853  712  711  372
10877  710  711  372
10900  704  707  372
10924  695  699  372
10947  682  688 1088
10971  665  674 1088
10995  644  656 1088
11018  620  632 1088
11042  592  607 1088
11065  560  576 1088
11089  524  543 1508
11112  487  504 1508
11136  453  469 1508
11159  422  436 1508
11183  395  406 1508
11206  372  382 1664
11230  353  361 1664
11253  337  343 1664
11277  325  330 1664
11301  317  320 1664
11324  313  312 1664
11348  312  311 1268
11371  322  311 1268
11395  343  328 1268
11418  375  353 1268
11442  419  391 1268
11466  569  436  500
11489  620  484  500
11513  661  533  500
11536  689  581  500
11560  707  629  500
11583  712  678  500
11607  706  712  956
11630  688  705  956
11654  660  678  956
11677  619  643  956
11701  568  600  956
11725  420  553  956
11748  376  504 1680
11772  343  455 1680
11795  322  408 1680
11819  312  359 1680
11854  311  303 1852
11882  312  306 1852
11905  318  313 1852
11929  327  321 1852
11952  340  331 1852
11976  357  345 1852
11999  378  365  216
12023  402  388  216
12046  431  414  216
12070  462  444  216
12094  498  477  216
12117  537  515  216
12141  571  553  612
12164  602  585  612
12188  629  614  612
12211  652  641  612
12235  672  661  612
12258  687  679  536
12282  699  692  536
12305  707  703  536
12329  711  709  536
12353  711  711  536
12376  710  711  536
12400  708  709  112
12423  705  706  112
12447  700  701  112
12470  694  697  112
12494  687  689  112
12517  679  682 1124
12541  670  674 1124
12564  659  663 1124
12588  647  652 1124
12612  635  641 1124
12635  622  627 1124
12659  609  614 1256
12682  596  602 1256
12706  583  589 1256
12729  570  576 1256
12753  558  563 1256
12776  545  550 1288
12800  532  537 1288
12824  519  524 1288
12847  506  511 1288
12871  493  499 1288
12894  480  485 1288
12918  467  473 1284
12941  455  461 1284
12965  442  449 1284
12988  429  436 1284
13012  416  421 1284
13036  403  409 1276
13059  390  395 1276
13083  376  383 1276
13106  364  369 1276
13130  354  358 1276
13153  344  348 1276
13177  336  339 1260
13200  329  332 1260
13224  323  325 1260
13247  318  319 1260
13271  315  314 1260
13295  313  312 1260
13318  311  311 1124
13342  312  311 1124
13365  317  312 1124
13389  325  319 1124
13412  337  328 1124
13436  352  342  108
13459  371  360  108
13483  395  381  108
13506  421  405  108
13530  452  433  108
13554  486  467  108
13577  525  502  516
13601  560  543  516
13624  592  576  516
13648  620  606  516
13671  644  632  516
13695  665  655  632
13719  682  674  632
13742  695  688  632
13766  705  699  632
13789  710  707  632
13813  712  711  632
13836  710  712  196
13860  704  707  196
13883  695  699  196
13907  682  688  196
13930  665  674  196
13954  644  656 1248
13978  620  632 1248
14001  592  607 1248
14025  560  575 1248
14048  524  543 1248
14072  487  504 1248
14095  453  470 1664
14119  422  438 1664
14142  395  410 1664
14166  372  383 1664
14189  353  360 1664
14213  337  344 1664
14237  325  330 1520
14260  317  319 1520
14284  313  313 1520
14307  312  310 1520
14331  322  313 1520
14354  343  328 1068
14378  375  355 1068
14401  419  392 1068
14425  569  436 1068
14448  620  484 1068
14472  661  534 1068
14496  689  581  836
14519  707  630  836
14543  712  678  836
14566  706  713  836
14590  688  705  836
14613  660  678  440
14637  619  643  440
14661  568  599  440
14684  420  553  440
14708  376  503  440
14731  343  455  440
14755  322  408 1936
14778  312  359 1936
14813  311  303 1936
14841  312  306 1936
14865  318  313 1936
14888  327  321 1416
14912  340  331 1416
14935  357  346 1416
14959  378  364 1416
14982  402  388 1416
15006  431  414  352
15029  462  444  352
15053  498  478  352
15076  537  516  352
15100  571  555  352
15124  602  587  352
15147  629  614  684
15171  652  641  684
15194  672  661  684
15218  687  680  684
15241  699  693  684
15265  707  703  372
15289  711  709  372
15312  711  711  372
15336  710  711  372
15359  708  709  372
15383  705  706  372
15406  700  701 1032
15430  694  696 1032
15453  687  691 1032
15477  679  682 1032
15500  670  675 1032
15524  659  664 1176
15548  647  654 1176
15571  635  641 1176
15595  622  627 1176
15618  609  614 1176
15642  596  602 1176
15665  583  589 1280
15689  570  576 1280
15712  558  563 1280
15736  545  550 1280
15759  532  537 1280
15783  519  525 1280
15807  506  511 1292
15830  493  499 1292
15854  480  485 1292
15877  467  473 1292
15901  455  461 1292
15924  442  448 1280
15948  429  434 1280
15971  416  421 1280
15995  403  409 1280
16018  390  395 1280
16042  376  383 1280
16066  364  369 1284
16089  354  359 1284
16113  344  348 1284
16136  336  339 1284
16160  329  331 1284
16183  323  325 1208
16207  318  319 1208
16231  315  314 1208
16254  313  312 1208
16278  311  311 1208
16301  312  310 1208
16325  317  312 1072
16348  325  319 1072
16372  337  328 1072
16395  352  341 1072
16419  371  359 1072
16442  395  380  268
16466  421  405  268
16490  452  433  268
16513  486  465  268
16537  525  502  268
16560  560  541  268
16584  592  575  664
16607  620  605  664
16631  644  632  664
16654  665  655  664
16678  682  673  664
16701  695  687  452
16725  705  700  452
16749  710  707  452
16772  712  711  452
16796  710  711  452
16819  704  707  452
16843  695  698   28
16866  682  688   28
16890  665  674   28
16913  644  655   28
16937  620  632   28
16960  592  606   28
16984  560  577 1412
17008  524  543 1412
17031  487  504 1412
17055  453  469 1412
17078  422  436 1412
17102  395  405 1708
17125  372  382 1708
17149  353  361 1708
17172  337  343 1708
17196  325  330 1708
17220  317  319 1708
17243  313  313 1348
17267  312  311 1348
17290  322  312 1348
17314  343  326 1348
17337  375  352 1348
17361  419  391  292
17384  569  438  292
17408  620  483  292
17432  661  533  292
17455  689  580  292
17479  707  629  292
17502  712  678  968
17526  706  712  968
17549  688  706  968
17573  660  679  968
17596  619  644  968
17620  568  600 1296
17644  420  552 1296
17667  376  503 1296
17691  343  455 1296
17714  322  406 1296
17738  312  356 1296
17773  311  303 1988
17801  312  306 1988
17824  318  313 1988
17848  327  321 1988
17871  340  333 1988
17895  357  345   68
17918  378  364   68
17942  402  386   68
17965  431  413   68
17989  462  443   68
18012  498  477  520
18036  537  514  520
18060  571  553  520
18083  602  585  520
18107  629  615  520
18130  652  641  520
18154  672  661  632
18177  687  679  632
18201  699  692  632
18224  707  703  632
18248  711  709  632
18271  711  711  632
18295  710  711  196
18319  708  709  196
18342  705  706  196
18366  700  701  196
18389  694  696  196
18413  687  692 1100
18436  679  682 1100
18460  670  674 1100
18483  659  663 1100
18507  647  652 1100
18530  635  641 1100
18554  622  627 1232
18578  609  614 1232
18601  596  602 1232
18625  583  589 1232
18648  570  576 1232
18672  558  562 1288
18695  545  550 1288
18719  532  537 1288
18743  519  523 1288
18766  506  511 1288
18790  493  499 1288
18813  480  487 1284
18837  467  473 1284
18860  455  461 1284
18884  442  448 1284
18907  429  435 1284
18931  416  421 1280
18954  403  409 1280
18978  390  394 1280
19002  376  383 1280
19025  364  369 1280
19049  354  358 1280
19072  344  348 1272
19096  336  339 1272
19119  329  332 1272
19143  323  325 1272
19166  318  319 1272
19190  315  314 1156
19213  313  312 1156
19237  311  311 1156
19261  312  310 1156
19284  317  312 1156
19308  325  319 1156
19331  337  328   44
19355  352  342   44
19378  371  360   44
19402  395  381   44
19425  421  405   44
19449  452  433   44
19473  486  465  424
19496  525  503  424
19520  560  541  424
19543  592  576  424
19567  620  605  424
19590  644  633  680
19614  665  655  680
19637  682  674  680
19661  695  688  680
19684  705  699  680
19708  710  707  680
19732  712  711  292
19755  710  711  292
19779  704  707  292
19802  695  699  292
19826  682  688  292
19849  665  674 1160
19873  644  656 1160
19896  620  633 1160
19920  592  607 1160
19944  560  578 1160
19967  524  543 1160
19991  487  505 1592