   12  461  461  126
   42  461  460  126
   65  461  460  126
   89  461  460  126
  112  462  460  126
  136  463  461  126
  159  464  462  126
  183  465  463  126
  206  466  465  126
  230  468  467  126
  253  469  468  126
  277  470  469  126
  301  472  470  126
  324  474  472  126
  348  475  474  126
  371  477  475  126
  395  479  477  126
  418  481  480  126
  442  482  481  126
  465  484  483  126
  489  486  484  126
  512  487  485  126
  536  489  487  126
  560  491  488  126
  583  493  492  126
  607  494  493  124
  630  496  494  124
  654  498  497  124
  677  499  498  124
  701  501  500  124
  724  503  502  124
  748  505  503  124
  772  506  505  124
  795  507  505  124
  819  508  507  124
  842  510  508  124
  866  510  509  124
  889  511  510  124
  913  512  510  124
  936  512  511  124
  960  512  511  124
  984  512  511  124
 1007  512  511  124
 1031  512  511  124
 1054  512  511  124
 1078  512  511  124
 1101  512  511  124
 1125  512  511  124
 1148  512  511  124
 1172  512  511  124
 1195  512  511  124
 1219  512  510  124
 1243  512  511  124
 1266  512  511  124
 1290  512  511  124
 1313  512  510  124
 1337  512  511  124
 1360  512  511  124
 1384  512  511  124
 1407  512  511  124
 1431  512  511  124
 1455  512  511  124
 1478  512  511  124
 1502  512  511  124
 1525  512  511  124
 1549  512  511  124
 1572  512  511  124
 1596  512  511  124
 1619  512  511  124
 1643  512  511  123
 1666  512  511  123
 1690  512  511  123
 1714  512  511  123
 1737  512  511  123
 1761  512  511  123
 1784  512  511  123
 1808  512  511  123
 1831  512  511  123
 1855  512  511  123
 1878  512  510  123
 1902  512  511  123
 1925  512  511  123
 1949  512  511  123
 1973  512  511  123
 1996  512  511  123
 2020  512  511  123
 2043  512  511  123
 2067  512  511  123
 2090  512  511  123
 2114  512  511  123
 2137  512  511  123
 2161  512  511  123
 2185  512  511  111
 2208  512  510  111
 2232  512  511  111
 2255  512  509  111
 2279  512  511  111
 2302  512  511  111
 2326  512  511  111
 2349  512  511  111
 2373  512  511  111
 2396  512  511  111
 2420  512  511  111
 2444  512  511  111
 2467  512  509  111
 2491  512  511  111
 2514  512  512  111
 2538  512  511  111
 2561  512  511  111
 2585  512  511  111
 2608  512  511  111
 2632  512  511  111
 2655  512  511  111
 2679  512  511  111
 2703  512  511  124
 2726  512  511  124
 2750  512  511  124
 2773  512  511  124
 2797  512  511  124
 2820  512  511  124
 2844  512  511  124
 2868  512  511  124
 2891  512  511  124
 2915  512  511  124
 2938  512  511  124
 2974  512  511  124
 3001  512  511  124
 3024  515  511  124
 3048  520  512  124
 3072  526  515  124
 3095  535  520  124
 3119  545  526  124
 3142  557  534  124
 3166  571  544  124
 3189  587  555  124
 3213  605  568  124
 3237  625  582  124
 3260  642  597  124
 3284  657  614  124
 3307  670  631  124
 3331  682  646  124
 3354  692  659  124
 3378  700  671  124
 3401  706  682  124
 3425  709  692  124
 3448  712  698  124
 3472  711  704  124
 3496  710  707  124
 3519  708  708  124
 3543  705  708  124
 3566  700  706  124
 3590  694  703  124
 3613  687  698  124
 3637  679  695  124
 3660  670  685  124
 3684  659  680  124
 3708  647  671  124
 3731  635  661  124
 3755  622  651  121
 3778  609  639  121
 3802  596  627  121
 3825  583  613  121
 3849  570  601  121
 3872  558  589  121
 3896  545  576  121
 3919  532  563  121
 3943  519  550  121
 3966  506  537  121
 3990  493  524  121
 4014  480  511  121
 4037  467  499  121
 4061  455  484  121
 4084  442  473  121
 4108  429  461  121
 4131  416  448  121
 4155  403  435  121
 4179  390  422  121
 4202  376  410  121
 4226  364  395  121
 4249  354  385  121
 4273  344  372  124
 4296  336  360  124
 4320  329  350  124
 4343  323  342  124
 4367  318  334  124
 4390  315  328  124
 4414  313  322  124
 4438  311  318  124
 4461  312  314  124
 4485  317  313  124
 4508  325  314  124
 4532  337  319  124
 4555  352  326  124
 4579  371  335  124
 4602  395  349  124
 4626  421  365  124
 4649  452  386  124
 4673  486  411  124
 4697  525  439  124
 4720  560  472  124
 4744  592  505  124
 4767  620  539  124
 4791  644  571  121
 4814  665  599  121
 4838  682  624  121
 4861  695  647  121
 4885  705  666  121
 4908  710  680  121
 4932  712  692  121
 4956  710  698  121
 4979  704  704  121
 5003  695  703  121
 5026  682  698  121
 5050  665  692  121
 5073  644  680  121
 5097  620  666  121
 5121  592  647  121
 5144  560  625  121
 5168  524  599  121
 5191  487  570  121
 5215  453  537  121
 5238  422  504  121
 5262  395  472  121
 5285  372  443  121
 5309  353  415  124
 5332  337  391  124
 5356  325  371  124
 5380  317  353  124
 5403  313  339  124
 5427  311  331  124
 5447  311  322  124
 5474  312  316  124
 5497  318  314  124
 5521  327  316  124
 5544  340  321  124
 5568  357  328  124
 5591  378  339  124
 5615  402  353  124
 5639  431  372  124
 5662  462  395  124
 5686  498  421  124
 5709  537  450  124
 5733  571  483  124
 5756  602  516  124
 5780  629  550  124
 5803  652  581  124
 5827  672  607  124
 5850  687  633  121
 5874  699  654  121
 5898  707  671  121
 5921  711  684  121
 5945  711  695  121
 5968  710  700  121
 5992  708  705  121
 6015  705  706  121
 6039  700  705  121
 6063  694  703  121
 6086  687  698  121
 6110  679  693  121
 6133  670  687  121
 6157  659  680  121
 6180  647  671  121
 6204  635  661  121
 6227  622  650  121
 6251  609  639  121
 6274  596  626  121
 6298  583  614  121
 6322  570  602  121
 6345  558  589  121
 6369  545  576  121
 6392  532  564  121
 6416  519  551  121
 6439  506  538  121
 6463  493  525  121
 6486  480  511  121
 6510  467  499  121
 6533  455  485  121
 6557  442  474  121
 6581  429  461  121
 6604  416  448  121
 6628  403  435  121
 6651  390  422  121
 6675  376  409  121
 6698  364  395  121
 6722  354  383  121
 6745  344  371  121
 6769  336  360  121
 6793  329  350  121
 6816  323  342  121
 6840  318  334  121
 6863  315  328  121
 6887  313  322  124
 6910  311  318  124
 6934  312  314  124
 6957  317  313  124
 6981  325  314  124
 7004  337  319  124
 7028  352  325  124
 7052  371  335  124
 7075  395  349  124
 7099  421  365  124
 7122  452  386  124
 7146  486  412  124
 7169  525  440  124
 7193  560  471  124
 7216  592  505  124
 7240  620  538  124
 7264  644  570  124
 7287  665  597  124
 7311  682  623  124
 7334  695  646  124
 7358  705  664  124
 7381  710  680  124
 7405  712  692  124
 7428  710  698  124
 7452  704  703  124
 7475  695  703  124
 7499  682  698  124
 7523  665  692  124
 7546  644  681  124
 7570  620  666  124
 7593  592  648  124
 7617  560  626  124
 7640  524  599  124
 7664  487  570  124
 7688  453  538  124
 7711  422  503  124
 7735  395  472  124
 7758  372  443  124
 7782  353  415  124
 7805  337  391  124
 7829  325  371  124
 7852  317  352  124
 7876  313  339  124
 7899  311  331  124
 7919  311  322  124
 7946  312  316  124
 7970  318  314  124
 7994  327  315  124
 8017  340  321  124
 8041  357  328  124
 8064  378  339  124
 8088  402  353  124
 8111  431  372  124
 8135  462  394  124
 8158  498  420  124
 8182  537  450  124
 8206  571  483  124
 8229  602  515  124
 8253  629  550  124
 8276  652  581  124
 8300  672  607  124
 8323  687  633  124
 8347  699  654  124
 8370  707  671  124
 8394  711  685  124
 8417  711  695  124
 8441  710  700  124
 8465  708  705  124
 8488  705  706  124
 8512  700  705  124
 8535  694  703  124
 8559  687  698  124
 8582  679  693  124
 8606  670  688  124
 8629  659  680  124
 8653  647  670  124
 8677  635  661  124
 8700  622  650  124
 8724  609  641  124
 8747  596  626  124
 8771  583  614  124
 8794  570  602  124
 8818  558  589  124
 8841  545  576  124
 8865  532  564  124
 8888  519  550  124
 8912  506  538  124
 8936  493  524  124
 8959  480  511  124
 8983  467  499  124
 9006  455  485  124
 9030  442  473  124
 9053  429  461  124
 9077  416  449  124
 9100  403  435  124
 9124  390  423  124
 9148  376  410  124
 9171  364  395  124
 9195  354  383  124
 9218  344  371  124
 9242  336  361  124
 9265  329  350  124
 9289  323  341  124
 9312  318  334  124
 9336  315  326  124
 9359  313  322  124
 9383  311  318  124
 9406  312  314  124
 9430  317  313  124
 9454  325  314  124
 9477  337  318  124
 9501  352  325  124
 9524  371  335  124
 9548  395  348  124
 9571  421  365  124
 9595  452  388  124
 9619  486  413  124
 9642  525  440  124
 9666  560  472  124
 9689  592  504  124
 9713  620  538  124
 9736  644  570  124
 9760  665  597  124
 9783  682  624  124
 9807  695  646  124
 9830  705  664  124
 9854  710  680  124
 9878  712  692  124
 9901  710  698  124
 9925  704  703  124
 9948  695  703  124
 9972  682  698  124
 9995  665  692  124
10019  644  681  124
10042  620  666  121
10066  592  647  121
10090  560  625  121
10113  524  599  121
10137  487  569  121
10160  453  538  121
10184  422  503  121
10207  395  472  121
10231  372  443  121
10254  353  415  121
10278  337  391  121
10301  325  371  121
10325  317  352  121
10348  313  339  121
10372  311  332  121
10392  311  322  121
10419  312  316  121
10443  318  314  121
10466  327  315  121
10490  340  321  121
10513  357  328  121
10537  378  339  121
10561  402  353  124
10584  431  372  124
10608  462  394  124
10631  498  420  124
10655  537  450  124
10678  571  482  124
10702  602  516  124
10725  629  549  124
10749  652  580  124
10772  672  606  124
10796  687  632  124
10820  699  654  124
10843  707  670  124
10867  711  684  124
10890  711  695  124
10914  710  700  124
10937  708  705  124
10961  705  706  124
10984  700  705  124
11008  694  703  124
11032  687  698  124
11055  679  693  124
11079  670  687  124
11102  659  680  124
11126  647  671  124
11149  635  662  124
11173  622  650  124
11196  609  641  124
11220  596  626  124
11243  583  614  124
11267  570  601  124
11291  558  587  124
11314  545  576  124
11338  532  563  124
11361  519  550  124
11385  506  536  124
11408  493  525  124
11432  480  511  124
11455  467  499  124
11479  455  487  124
11503  442  473  124
11526  429  461  124
11550  416  449  124
11573  403  438  124
11597  390  423  124
11620  376  409  124
11644  364  396  124
11667  354  383  124
11691  344  373  124
11714  336  360  124
11738  329  351  124
11762  323  342  124
11785  318  334  124
11809  315  328  124
11832  313  322  124
11856  311  318  124
11879  312  314  124
11903  317  313  124
11926  325  314  124
11950  337  319  124
11973  352  325  124
11997  371  335  124
12021  395  349  124
12044  421  365  124
12068  452  386  124
12091  486  412  124
12115  525  442  124
12138  560  471  124
12162  592  505  124
12186  620  539  124
12209  644  570  124
12233  665  598  124
12256  682  624  124
12280  695  646  124
12303  705  666  124
12327  710  680  124
12350  712  692  124
12374  710  699  124
12397  704  703  124
12421  695  703  124
12445  682  698  124
12468  665  692  124
12492  644  681  124
12515  620  667  124
12539  592  648  124
12562  560  625  124
12586  524  599  124
12609  487  572  124
12633  453  538  124
12656  422  504  124
12680  395  472  124
12704  372  443  124
12727  353  415  124
12751  337  392  124
12774  325  370  124
12798  317  352  124
12821  313  339  124
12845  311  332  124
12865  311  322  124
12892  312  316  124
12915  318  314  124
12939  327  315  124
12963  340  321  124
12986  357  329  124
13010  378  339  124
13033  402  353  124
13057  431  372  124
13080  462  393  124
13104  498  421  124
13128  537  450  124
13151  571  482  124
13175  602  516  124
13198  629  549  124
13222  652  580  124
13245  672  607  124
13269  687  632  124
13292  699  654  124
13316  707  671  124
13339  711  684  124
13363  711  694  124
13387  710  700  124
13410  708  705  124
13434  705  706  124
13457  700  705  124
13481  694  703  124
13504  687  698  124
13528  679  694  124
13551  670  687  124
13575  659  680  124
13598  647  671  124
13622  635  662  124
13646  622  651  124
13669  609  639  124
13693  596  627  124
13716  583  613  124
13740  570  602  124
13763  558  589  124
13787  545  576  124
13810  532  563  124
13834  519  550  124
13857  506  537  124
13881  493  524  124
13905  480  511  124
13928  467  499  124
13952  455  485  124
13975  442  473  124
13999  429  461  124
14022  416  449  124
14046  403  435  124
14070  390  422  124
14093  376  410  124
14117  364  395  124
14140  354  383  124
14164  344  372  124
14187  336  360  124
14211  329  350  121
14234  323  343  121
14258  318  334  121
14281  315  328  121
14305  313  322  121
14329  311  318  121
14352  312  314  121
14376  317  313  121
14399  325  314  121
14423  337  319  121
14446  352  325  121
14470  371  335  121
14493  395  348  121
14517  421  364  121
14540  452  386  121
14564  486  411  121
14588  525  439  121
14611  560  472  121
14635  592  505  121
14658  620  540  121
14682  644  570  121
14705  665  599  121
14729  682  624  121
14752  695  647  124
14776  705  666  124
14799  710  681  124
14823  712  692  124
14847  710  699  124
14870  704  703  124
14894  695  703  124
14917  682  698  124
14941  665  692  124
14964  644  681  124
14988  620  666  124
15012  592  648  124
15035  560  625  124
15059  524  599  124
15082  487  570  124
15106  453  538  124
15129  422  503  124
15153  395  473  124
15176  372  443  124
15200  353  415  124
15223  337  391  124
15247  325  371  124
15271  317  352  124
15294  313  339  124
15318  311  331  124
15337  311  322  124
15365  312  316  124
15388  318  315  124
15412  327  315  124
15435  340  320  124
15459  357  329  124
15482  378  338  124
15506  402  352  124
15530  431  372  124
15553  462  394  124
15577  498  421  124
15600  537  450  124
15624  571  483  124
15647  602  516  124
15671  629  550  124
15694  652  581  124
15718  672  608  124
15741  687  633  124
15765  699  654  124
15789  707  671  124
15812  711  684  124
15836  711  695  124
15859  710  701  124
15883  708  705  124
15906  705  706  124
15930  700  705  124
15953  694  703  124
15977  687  697  124
16001  679  694  124
16024  670  687  124
16048  659  680  124
16071  647  671  124
16095  635  661  124
16118  622  651  124
16142  609  639  124
16165  596  626  124
16189  583  614  124
16213  570  604  124
16236  558  589  124
16260  545  578  124
16283  532  564  124
16307  519  551  124
16330  506  538  124
16354  493  525  124
16377  480  511  124
16401  467  499  124
16424  455  487  124
16448  442  473  124
16472  429  461  124
16495  416  448  124
16519  403  435  124
16542  390  422  124
16566  376  410  124
16589  364  394  124
16613  354  383  124
16636  344  371  124
16660  336  360  124
16683  329  350  124
16707  323  341  124
16731  318  333  124
16754  315  328  124
16778  313  322  124
16801  311  318  124
16825  312  314  124
16848  317  313  124
16872  325  314  124
16896  337  319  124
16919  352  325  124
16943  371  335  124
16966  395  349  124
16990  421  365  124
17013  452  386  124
17037  486  412  124
17060  525  440  124
17084  560  471  124
17107  592  503  124
17131  620  538  124
17155  644  570  124
17178  665  598  124
17202  682  624  124
17225  695  646  124
17249  705  664  124
17272  710  680  124
17296  712  692  124
17319  710  698  124
17343  704  703  124
17366  695  703  124
17390  682  698  124
17414  665  692  124
17437  644  681  124
17461  620  666  124
17484  592  647  124
17508  560  625  124
17531  524  599  124
17555  487  569  124
17578  453  537  124
17602  422  503  124
17625  395  472  124
17649  372  443  124
17673  353  415  124
17696  337  391  124
17720  325  371  124
17743  317  352  124
17767  313  339  124
17790  311  331  124
17811  311  322  124
17837  312  316  124
17861  318  315  124
17885  327  315  124
17908  340  321  124
17932  357  328  124
17955  378  339  124
17979  402  352  124
18002  431  371  124
18026  462  393  124
18049  498  420  124
18073  537  450  124
18097  571  482  124
18120  602  514  124
18144  629  549  124
18167  652  580  124
18191  672  607  124
18214  687  632  124
18238  699  652  124
18261  707  670  124
18285  711  684  124
18308  711  695  124
18332  710  700  124
18356  708  705  124
18379  705  706  124
18403  700  705  124
18426  694  703  124
18450  687  698  124
18473  679  694  124
18497  670  687  124
18520  659  680  124
18544  647  671  124
18567  635  660  124
18591  622  650  124
18615  609  638  124
18638  596  626  124
18662  583  614  124
18685  570  602  124
18709  558  589  124
18732  545  576  124
18756  532  563  124
18780  519  550  124
18803  506  538  124
18827  493  524  124
18850  480  511  124
18874  467  499  124
18897  455  487  124
18921  442  473  124
18944  429  461  124
18968  416  449  124
18991  403  435  124
19015  390  422  124
19039  376  410  124
19062  364  395  124
19086  354  383  124
19109  344  371  124
19133  336  360  124
19156  329  350  124
19180  323  342  124
19203  318  334  124
19227  315  328  124
19250  313  322  124
19274  311  318  124
19298  312  314  124
19321  317  313  124
19345  325  314  124
19368  337  319  124
19392  352  325  124
19415  371  335  124
19439  395  349  124
19462  421  365  121
19486  452  388  121
19509  486  412  121
19533  525  440  121
19557  560  471  121
19580  592  505  121
19604  620  539  121
19627  644  570  121
19651  665  598  121
19674  682  624  121
19698  695  646  121
19722  705  666  121
19745  710  680  121
19769  712  692  121
19792  710  699  121
19816  704  704  121
19839  695  703  121
19863  682  699  121
19886  665  692  121
19910  644  681  121
19933  620  667  121
19957  592  648  121
19981  560  625  121