   12  547  547
   32  547  546
   48  547  546
   63  547  546
   79  547  546
   95  547  546
  110  546  545
  126  546  545
  142  545  545
  158  545  544
  173  545  544
  189  544  543
  205  544  543
  220  543  543
  236  542  541
  252  542  540
  268  542  540
  283  541  540
  299  540  539
  315  539  539
  330  539  538
  346  538  535
  362  537  535
  377  536  535
  393  535  536
  409  535  534
  424  534  533
  440  533  532
  456  532  531
  472  531  531
  487  531  530
  503  530  528
  519  529  528
  534  528  527
  550  528  527
  566  527  526
  582  526  525
  597  525  524
  613  524  524
  629  524  523
  644  523  522
  660  522  521
  676  521  520
  691  520  519
  707  520  519
  723  519  515
  738  517  516
  754  516  516
  770  516  515
  786  515  513
  801  514  514
  817  514  514
  833  514  512
  848  513  513
  864  513  512
  880  512  512
  896  512  512
  911  512  511
  927  511  511
  943  511  511
  958  512  511
  974  511  511
  990  512  511
 1005  512  511
 1021  512  510
 1037  512  511
 1052  512  511
 1068  512  511
 1084  512  511
 1100  512  511
 1115  512  511
 1131  512  511
 1147  512  511
 1162  512  510
 1178  512  511
 1194  512  511
 1210  512  510
 1225  512  511
 1241  512  511
 1257  512  511
 1272  512  511
 1288  512  511
 1304  512  511
 1319  512  511
 1335  512  511
 1351  512  511
 1367  512  511
 1382  512  511
 1398  512  511
 1414  512  511
 1429  512  510
 1445  512  511
 1461  512  511
 1476  512  511
 1492  512  511
 1508  512  511
 1524  512  511
 1539  512  511
 1555  512  511
 1571  512  512
 1586  512  511
 1602  512  511
 1618  512  511
 1633  512  511
 1649  512  511
 1665  512  511
 1681  512  511
 1696  512  511
 1712  512  511
 1728  512  511
 1743  512  511
 1759  512  511
 1775  512  511
 1790  512  511
 1806  512  511
 1822  512  511
 1838  512  511
 1853  512  510
 1869  512  511
 1885  512  511
 1900  512  511
 1916  512  511
 1932  512  511
 1947  512  511
 1963  512  511
 1979  512  511
 1995  512  511
 2010  512  511
 2026  512  511
 2042  512  511
 2057  512  510
 2073  512  510
 2089  512  511
 2104  512  511
 2120  512  511
 2136  512  511
 2152  512  511
 2167  512  511
 2183  512  510
 2199  512  511
 2214  512  511
 2230  512  512
 2246  512  511
 2261  512  511
 2277  512  511
 2293  512  511
 2309  512  511
 2324  512  511
 2340  512  511
 2356  512  511
 2371  512  511
 2387  512  509
 2403  512  511
 2418  512  511
 2434  512  511
 2450  512  510
 2466  512  511
 2481  512  511
 2497  512  511
 2513  512  511
 2528  512  511
 2544  512  511
 2560  512  511
 2575  512  511
 2591  512  511
 2607  512  511
 2623  512  512
 2638  512  511
 2654  512  511
 2670  512  511
 2685  512  511
 2701  512  511
 2717  512  511
 2732  512  511
 2748  512  511
 2764  512  511
 2780  512  511
 2795  512  511
 2811  512  511
 2827  512  511
 2842  512  512
 2858  512  511
 2874  512  511
 2889  512  511
 2905  512  510
 2921  512  511
 2937  512  511
 2952  512  511
 2972  512  511
 2991  512  511
 3007  513  511
 3023  515  512
 3038  518  515
 3054  522  518
 3070  526  521
 3086  532  526
 3101  538  532
 3117  545  538
 3133  553  546
 3148  562  555
 3164  571  563
 3180  582  572
 3196  593  583
 3211  605  596
 3227  619  607
 3243  631  620
 3258  642  634
 3274  652  643
 3290  662  654
 3305  670  662
 3321  678  671
 3337  685  679
 3353  692  686
 3368  697  692
 3384  702  698
 3400  706  703
 3415  709  706
 3431  711  709
 3447  712  710
 3462  712  711
 3478  711  711
 3494  710  710
 3510  709  709
 3525  707  707
 3541  705  705
 3557  702  703
 3572  698  700
 3588  694  696
 3604  690  692
 3619  685  687
 3635  679  683
 3651  673  676
 3667  666  671
 3682  659  664
 3698  651  656
 3714  643  648
 3729  635  641
 3745  626  632
 3761  618  623
 3777  609  614
 3792  601  605
 3808  592  597
 3824  583  589
 3839  575  581
 3855  566  572
 3871  558  563
 3886  549  555
 3902  540  546
 3918  532  537
 3934  523  528
 3949  515  520
 3965  506  511
 3981  497  503
 3996  489  494
 4012  480  485
 4028  472  478
 4043  463  470
 4059  455  461
 4075  446  450
 4091  437  444
 4106  429  434
 4122  420  426
 4138  412  418
 4153  403  409
 4169  394  400
 4185  386  392
 4200  376  383
 4216  368  374
 4232  361  364
 4248  354  356
 4263  347  351
 4279  341  344
 4295  336  339
 4310  331  334
 4326  327  329
 4342  323  325
 4357  320  321
 4373  317  318
 4389  315  314
 4404  313  313
 4420  312  312
 4436  311  311
 4452  312  310
 4467  313  311
 4483  317  312
 4499  322  316
 4514  328  322
 4530  337  329
 4546  347  335
 4562  358  348
 4577  371  359
 4593  386  372
 4609  403  389
 4624  421  405
 4640  441  423
 4656  463  444
 4671  486  465
 4687  512  490
 4703  537  516
 4718  560  541
 4734  582  564
 4750  602  585
 4766  620  605
 4781  637  623
 4797  652  639
 4813  665  655
 4828  677  669
 4844  687  679
 4860  695  688
 4876  702  697
 4891  706  703
 4907  710  707
 4923  712  710
 4938  711  711
 4954  710  711
 4970  706  709
 4985  701  705
 5001  695  699
 5017  686  692
 5032  676  683
 5048  665  674
 5064  651  662
 5080  636  647
 5095  620  632
 5111  602  617
 5127  581  596
 5142  560  577
 5158  536  556
 5174  512  530
 5190  487  504
 5205  464  482
 5221  442  458
 5237  422  436
 5252  404  418
 5268  387  399
 5284  372  384
 5299  359  368
 5315  347  354
 5331  337  344
 5346  329  335
 5362  322  326
 5378  317  321
 5394  314  314
 5409  312  312
 5425  311  311
 5444  311  310
 5464  311  310
 5480  314  310
 5496  318  312
 5511  324  318
 5527  331  323
 5543  340  331
 5558  351  341
 5574  364  351
 5590  378  364
 5606  394  380
 5621  411  395
 5637  431  413
 5653  451  434
 5668  474  453
 5684  498  477
 5700  525  502
 5715  549  528
 5731  571  555
 5747  592  575
 5763  611  595
 5778  629  614
 5794  645  632
 5810  659  647
 5825  672  661
 5841  682  674
 5857  691  683
 5872  699  692
 5888  705  699
 5904  709  706
 5919  711  709
 5935  712  711
 5951  711  711
 5967  710  711
 5982  709  709
 5998  707  707
 6014  705  706
 6029  702  703
 6045  698  699
 6061  694  696
 6077  690  692
 6092  685  687
 6108  679  681
 6124  673  678
 6139  666  671
 6155  659  663
 6171  651  656
 6186  643  648
 6202  635  641
 6218  626  632
 6233  618  623
 6249  609  614
 6265  601  606
 6281  592  597
 6296  583  589
 6312  575  582
 6328  566  572
 6343  558  563
 6359  549  555
 6375  540  546
 6391  532  537
 6406  523  528
 6422  515  520
 6438  506  512
 6453  497  502
 6469  489  494
 6485  480  487
 6500  472  478
 6516  463  470
 6532  455  463
 6548  446  451
 6563  437  443
 6579  429  434
 6595  420  426
 6610  412  415
 6626  403  409
 6642  394  400
 6657  386  391
 6673  376  382
 6689  368  374
 6705  361  364
 6720  354  358
 6736  347  351
 6752  341  345
 6767  336  339
 6783  331  333
 6799  327  329
 6814  323  325
 6830  320  321
 6846  317  318
 6862  315  314
 6877  313  313
 6893  312  312
 6909  311  311
 6924  312  310
 6940  313  311
 6956  317  313
 6971  322  316
 6987  328  322
 7003  337  328
 7019  347  336
 7034  358  348
 7050  371  360
 7066  386  372
 7081  403  389
 7097  421  405
 7113  441  423
 7129  463  443
 7144  486  465
 7160  512  490
 7176  537  515
 7191  560  541
 7207  582  565
 7223  602  585
 7238  620  605
 7254  637  623
 7270  652  641
 7285  665  655
 7301  677  668
 7317  687  679
 7333  695  686
 7348  702  696
 7364  706  703
 7380  710  706
 7395  712  710
 7411  711  711
 7427  710  711
 7443  706  709
 7458  701  705
 7474  695  698
 7490  686  692
 7505  676  684
 7521  665  674
 7537  651  662
 7552  636  648
 7568  620  632
 7584  602  615
 7599  581  597
 7615  560  576
 7631  536  555
 7647  512  532
 7662  487  504
 7678  464  481
 7694  442  460
 7709  422  436
 7725  404  418
 7741  387  399
 7757  372  382
 7772  359  368
 7788  347  354
 7804  337  343
 7819  329  334
 7835  322  326
 7851  317  319
 7866  314  314
 7882  312  312
 7898  311  311
 7918  311  310
 7937  311  310
 7953  314  310
 7968  318  312
 7984  324  318
 8000  331  323
 8015  340  331
 8031  351  341
 8047  364  352
 8063  378  364
 8078  394  380
 8094  411  395
 8110  431  413
 8125  451  433
 8141  474  455
 8157  498  475
 8172  525  502
 8188  549  530
 8204  571  553
 8220  592  576
 8235  611  595
 8251  629  613
 8267  645  633
 8282  659  647
 8298  672  661
 8314  682  674
 8330  691  683
 8345  699  692
 8361  705  701
 8377  709  705
 8392  711  709
 8408  712  711
 8424  711  711
 8439  710  711
 8455  709  709
 8471  707  707
 8486  705  705
 8502  702  703
 8518  698  700
 8534  694  697
 8549  690  692
 8565  685  688
 8581  679  682
 8596  673  676
 8612  666  671
 8628  659  663
 8643  651  656
 8659  643  648
 8675  635  641
 8691  626  631
 8706  618  623
 8722  609  614
 8738  601  606
 8753  592  597
 8769  583  592
 8785  575  581
 8800  566  572
 8816  558  563
 8832  549  555
 8847  540  546
 8863  532  537
 8879  523  528
 8895  515  520
 8910  506  511
 8926  497  502
 8942  489  494
 8958  480  487
 8973  472  478
 8989  463  469
 9005  455  461
 9020  446  451
 9036  437  443
 9052  429  435
 9067  420  426
 9083  412  418
 9099  403  409
 9114  394  401
 9130  386  391
 9146  376  383
 9161  368  373
 9177  361  364
 9193  354  358
 9209  347  351
 9224  341  344
 9240  336  339
 9256  331  333
 9272  327  329
 9287  323  325
 9303  320  321
 9319  317  318
 9334  315  314
 9350  313  313
 9366  312  312
 9381  311  311
 9397  312  311
 9413  313  311
 9428  317  312
 9444  322  316
 9460  328  322
 9476  337  328
 9491  347  336
 9507  358  348
 9523  371  359
 9538  386  372
 9554  403  389
 9570  421  406
 9585  441  423
 9601  463  443
 9617  486  465
 9633  512  489
 9648  537  516
 9664  560  541
 9680  582  564
 9695  602  586
 9711  620  605
 9727  637  623
 9743  652  641
 9758  665  655
 9774  677  668
 9790  687  679
 9805  695  688
 9821  702  696
 9837  706  703
 9852  710  707
 9868  712  710
 9884  711  711
 9900  710  711
 9915  706  709
 9931  701  705
 9947  695  700
 9962  686  692
 9978  676  684
 9994  665  674
10009  651  661
10025  636  648
10041  620  633
10057  602  615
10072  581  597
10088  560  576
10104  536  555
10119  512  531
10135  487  504
10151  464  481
10166  442  459
10182  422  436
10198  404  416
10214  387  399
10229  372  382
10245  359  368
10261  347  355
10276  337  343
10292  329  334
10308  322  325
10323  317  319
10339  314  314
10355  312  312
10371  311  311
10390  311  310
10410  311  310
10425  314  310
10441  318  312
10457  324  318
10473  331  323
10488  340  331
10504  351  340
10520  364  352
10535  378  364
10551  394  380
10567  411  395
10582  431  414
10598  451  432
10614  474  454
10630  498  477
10645  525  500
10661  549  527
10677  571  553
10692  592  576
10708  611  596
10724  629  613
10739  645  633
10755  659  646
10771  672  661
10787  682  674
10802  691  684
10818  699  692
10834  705  700
10849  709  706
10865  711  709
10881  712  711
10896  711  711
10912  710  711
10928  709  709
10944  707  707
10959  705  706
10975  702  703
10991  698  699
11006  694  696
11022  690  692
11038  685  687
11053  679  682
11069  673  678
11085  666  671
11100  659  662
11116  651  656
11132  643  648
11148  635  642
11163  626  632
11179  618  624
11195  609  614
11210  601  608
11226  592  599
11242  583  589
11258  575  581
11273  566  572
11289  558  563
11305  549  555
11320  540  546
11336  532  537
11352  523  528
11367  515  520
11383  506  511
11399  497  503
11414  489  494
11430  480  485
11446  472  478
11462  463  469
11477  455  461
11493  446  452
11509  437  443
11524  429  435
11540  420  426
11556  412  418
11572  403  409
11587  394  400
11603  386  391
11619  376  383
11634  368  373
11650  361  364
11666  354  358
11681  347  351
11697  341  344
11713  336  339
11728  331  333
11744  327  329
11760  323  325
11776  320  321
11791  317  318
11807  315  314
11823  313  313
11838  312  312
11854  311  311
11870  312  310
11886  313  310
11901  317  313
11917  322  316
11933  328  321
11948  337  328
11964  347  336
11980  358  348
11995  371  360
12011  386  372
12027  403  388
12042  421  405
12058  441  423
12074  463  442
12090  486  465
12105  512  489
12121  537  514
12137  560  543
12152  582  564
12168  602  586
12184  620  605
12200  637  623
12215  652  641
12231  665  655
12247  677  667
12262  687  680
12278  695  688
12294  702  696
12309  706  704
12325  710  707
12341  712  711
12356  711  711
12372  710  711
12388  706  709
12404  701  705
12419  695  699
12435  686  693
12451  676  684
12466  665  674
12482  651  662
12498  636  647
12514  620  633
12529  602  614
12545  581  597
12561  560  577
12576  536  555
12592  512  531
12608  487  507
12623  464  481
12639  442  458
12655  422  436
12670  404  416
12686  387  400
12702  372  383
12718  359  368
12733  347  355
12749  337  343
12765  329  334
12780  322  326
12796  317  319
12812  314  314
12828  312  312
12843  311  311
12863  311  310
12882  311  310
12898  314  308
12914  318  312
12930  324  318
12945  331  323
12961  340  331
12977  351  341
12992  364  351
13008  378  364
13024  394  379
13039  411  395
13055  431  414
13071  451  432
13087  474  455
13102  498  477
13118  525  501
13134  549  530
13149  571  556
13165  592  575
13181  611  596
13197  629  614
13212  645  632
13228  659  648
13244  672  661
13259  682  673
13275  691  684
13291  699  692
13306  705  699
13322  709  706
13338  711  709
13353  712  711
13369  711  711
13385  710  709
13401  709  709
13416  707  707
13432  705  706
13448  702  703
13463  698  699
13479  694  696
13495  690  692
13511  685  687
13526  679  683
13542  673  678
13558  666  671
13573  659  663
13589  651  656
13605  643  648
13620  635  641
13636  626  632
13652  618  624
13667  609  614
13683  601  606
13699  592  597
13715  583  589
13730  575  581
13746  566  572
13762  558  563
13777  549  555
13793  540  546
13809  532  537
13825  523  528
13840  515  520
13856  506  511
13872  497  504
13887  489  494
13903  480  485
13919  472  478
13934  463  469
13950  455  461
13966  446  452
13981  437  443
13997  429  434
14013  420  426
14029  412  416
14044  403  409
14060  394  400
14076  386  391
14091  376  383
14107  368  374
14123  361  364
14139  354  358
14154  347  351
14170  341  344
14186  336  341
14201  331  334
14217  327  329
14233  323  325
14248  320  321
14264  317  318
14280  315  314
14295  313  313
14311  312  312
14327  311  311
14343  312  310
14358  313  311
14374  317  312
14390  322  316
14405  328  322
14421  337  328
14437  347  336
14453  358  348
14468  371  358
14484  386  373
14500  403  388
14515  421  404
14531  441  423
14547  463  443
14562  486  465
14578  512  489
14594  537  515
14609  560  543
14625  582  565
14641  602  585
14657  620  605
14672  637  624
14688  652  641
14704  665  655
14719  677  668
14735  687  679
14751  695  687
14766  702  696
14782  706  703
14798  710  707
14814  712  710
14829  711  711
14845  710  711
14861  706  709
14876  701  705
14892  695  699
14908  686  692
14923  676  684
14939  665  674
14955  651  662
14971  636  648
14986  620  633
15002  602  615
15018  581  596
15033  560  577
15049  536  555
15065  512  530
15081  487  505
15096  464  482
15112  442  458
15128  422  438
15143  404  416
15159  387  399
15175  372  383
15190  359  368
15206  347  354
15222  337  343
15237  329  334
15253  322  326
15269  317  320
15285  314  314
15300  312  312
15316  311  311
15336  311  310
15355  311  310
15371  314  310
15387  318  312
15402  324  318
15418  331  324
15434  340  331
15449  351  341
15465  364  351
15481  378  365
15497  394  380
15512  411  395
15528  431  414
15544  451  433
15559  474  453
15575  498  478
15591  525  502
15606  549  528
15622  571  555
15638  592  576
15654  611  595
15669  629  614
15685  645  632
15701  659  647
15716  672  661
15732  682  673
15748  691  683
15764  699  692
15779  705  700
15795  709  706
15811  711  709
15826  712  711
15842  711  711
15858  710  711
15873  709  709
15889  707  708
15905  705  706
15920  702  703
15936  698  699
15952  694  696
15968  690  692
15983  685  688
15999  679  682
16015  673  678
16030  666  671
16046  659  664
16062  651  656
16078  643  648
16093  635  641
16109  626  632
16125  618  624
16140  609  614
16156  601  606
16172  592  597
16187  583  589
16203  575  581
16219  566  572
16234  558  563
16250  549  555
16266  540  546
16282  532  537
16297  523  528
16313  515  520
16329  506  511
16344  497  503
16360  489  494
16376  480  485
16392  472  478
16407  463  469
16423  455  461
16439  446  452
16454  437  443
16470  429  434
16486  420  426
16501  412  418
16517  403  409
16533  394  401
16548  386  391
16564  376  382
16580  368  373
16596  361  364
16611  354  358
16627  347  351
16643  341  345
16658  336  339
16674  331  334
16690  327  329
16706  323  325
16721  320  321
16737  317  318
16753  315  314
16768  313  313
16784  312  312
16800  311  311
16815  312  310
16831  313  310
16847  317  312
16862  322  315
16878  328  322
16894  337  328
16910  347  335
16925  358  346
16941  371  359
16957  386  372
16972  403  389
16988  421  405
17004  441  423
17019  463  443
17035  486  465
17051  512  490
17067  537  515
17082  560  541
17098  582  565
17114  602  586
17129  620  605
17145  637  624
17161  652  641
17176  665  655
17192  677  668
17208  687  679
17224  695  687
17239  702  697
17255  706  703
17271  710  707
17286  712  710
17302  711  711
17318  710  711
17333  706  709
17349  701  705
17365  695  698
17381  686  692
17396  676  684
17412  665  674
17428  651  662
17443  636  647
17459  620  632
17475  602  615
17490  581  597
17506  560  576
17522  536  556
17538  512  532
17553  487  504
17569  464  481
17585  442  458
17600  422  436
17616  404  418
17632  387  398
17647  372  382
17663  359  368
17679  347  354
17695  337  343
17710  329  335
17726  322  325
17742  317  319
17757  314  314
17773  312  312
17789  311  311
17809  311  310
17828  311  310
17844  314  310
17859  318  312
17875  324  318
17891  331  323
17906  340  331
17922  351  341
17938  364  352
17954  378  365
17969  394  380
17985  411  395
18001  431  413
18016  451  433
18032  474  454
18048  498  477
18063  525  503
18079  549  528
18095  571  555
18111  592  576
18126  611  595
18142  629  612
18158  645  633
18173  659  647
18189  672  661
18205  682  674
18220  691  684
18236  699  692
18252  705  699
18268  709  706
18283  711  709
18299  712  711
18315  711  711
18330  710  711
18346  709  709
18362  707  708
18377  705  705
18393  702  703
18409  698  699
18425  694  696
18440  690  693
18456  685  687
18472  679  682
18487  673  678
18503  666  671
18519  659  663
18534  651  656
18550  643  648
18566  635  641
18582  626  632
18597  618  623
18613  609  614
18629  601  608
18644  592  597
18660  583  589
18676  575  581
18691  566  572
18707  558  563
18723  549  555
18738  540  546
18754  532  537
18770  523  528
18786  515  520
18801  506  511
18817  497  503
18833  489  494
18849  480  487
18864  472  478
18880  463  469
18896  455  461
18911  446  451
18927  437  443
18943  429  435
18958  420  426
18974  412  416
18990  403  409
19005  394  400
19021  386  391
19037  376  384
19053  368  374
19068  361  364
19084  354  358
19100  347  351
19115  341  344
19131  336  339
19147  331  333
19163  327  329
19178  323  325
19194  320  321
19210  317  318
19225  315  314
19241  313  313
19257  312  312
19272  311  311
19288  312  311
19304  313  311
19319  317  312
19335  322  316
19351  328  321
19367  337  328
19382  347  336
19398  358  346
19414  371  359
19429  386  372
19445  403  390
19461  421  403
19477  441  424
19492  463  444
19508  486  465
19524  512  489
19539  537  516
19555  560  543
19571  582  564
19586  602  587
19602  620  605
19618  637  623
19633  652  641
19649  665  655
19665  677  668
19681  687  679
19696  695  688
19712  702  696
19728  706  703
19743  710  708
19759  712  710
19775  711  711
19791  710  711
19806  706  709
19822  701  705
19838  695  699
19853  686  692
19869  676  684
19885  665  674
19900  651  662
19916  636  648
19932  620  633
19947  602  614
19963  581  597
19979  560  578
19995  536  555