   14  199  200
   34  199  200
   50  200  198
   65  202  198
   81  204  198
   97  206  201
  112  209  204
  128  212  208
  144  215  211
  160  219  215
  175  224  221
  191  229  226
  207  234  231
  222  239  236
  238  245  239
  254  252  244
  269  258  250
  285  265  258
  301  272  264
  317  279  275
  332  285  283
  348  292  288
  364  299  295
  379  306  302
  395  313  309
  411  319  316
  426  326  322
  442  333  329
  458  340  335
  473  347  344
  489  353  349
  505  360  356
  521  367  364
  536  374  371
  552  380  377
  568  387  385
  583  394  391
  599  401  398
  615  408  404
  630  414  411
  646  421  416
  662  428  423
  678  435  432
  693  442  437
  709  448  441
  725  455  447
  740  462  453
  756  468  461
  772  474  470
  788  479  475
  803  484  482
  819  489  483
  835  493  486
  850  497  491
  866  500  496
  882  503  498
  897  506  501
  913  508  502
  929  510  503
  945  511  504
  960  512  504
  976  512  506
  992  511  506
 1007  511  506
 1023  510  506
 1039  509  506
 1054  507  506
 1070  505  504
 1086  503  502
 1101  500  500
 1117  497  498
 1133  493  496
 1149  489  492
 1164  484  489
 1180  479  484
 1196  474  481
 1211  467  477
 1227  462  474
 1243  455  470
 1258  448  464
 1274  442  457
 1290  435  449
 1306  428  440
 1321  422  433
 1337  415  425
 1353  408  417
 1368  402  410
 1384  395  402
 1400  388  395
 1416  382  388
 1431  375  382
 1447  368  378
 1463  362  371
 1478  355  365
 1494  348  359
 1510  341  352
 1525  335  347
 1541  328  339
 1557  321  332
 1573  315  324
 1588  308  316
 1604  301  309
 1620  295  302
 1635  288  295
 1651  281  288
 1667  275  283
 1682  268  275
 1698  261  269
 1714  254  262
 1730  247  254
 1745  241  247
 1761  235  240
 1777  230  235
 1792  225  228
 1808  221  221
 1824  217  215
 1839  213  213
 1855  210  210
 1871  207  208
 1887  205  206
 1902  203  204
 1918  202  203
 1934  200  201
 1949  200  198
 1965  200  198
 1981  200  198
 1996  200  197
 2012  200  198
 2028  200  197
 2044  200  198
 2059  200  200
 2075  200  201
 2091  200  198
 2106  200  200
 2122  200  200
 2138  200  198
 2153  200  198
 2169  200  198
 2185  200  197
 2201  200  197
 2216  200  198
 2232  200  197
 2248  200  200
 2263  200  200
 2279  200  200
 2295  200  200
 2310  200  200
 2326  200  198
 2342  200  198
 2358  200  198
 2373  200  198
 2389  200  198
 2405  200  198
 2420  200  198
 2436  200  198
 2452  200  198
 2467  200  198
 2483  200  198
 2499  200  198
 2514  200  198
 2530  200  198
 2546  200  198
 2561  200  198
 2577  200  198
 2593  200  198
 2609  200  198
 2624  200  198
 2640  200  198
 2656  200  198
 2671  200  198
 2687  200  198
 2703  200  198
 2719  200  198
 2734  200  198
 2750  200  198
 2766  200  198
 2781  200  198
 2797  200  198
 2813  200  198
 2829  200  198
 2844  200  198
 2860  200  198
 2876  200  198
 2891  200  200
 2907  200  198
 2923  200  198
 2938  200  198
 2954  200  198
 2975  200  198
 2993  200  198
 3009  200  198
 3025  200  198
 3040  201  198
 3056  202  198
 3072  203  200
 3088  204  202
 3103  206  203
 3119  208  206
 3135  209  209
 3150  211  211
 3166  214  211
 3182  216  214
 3197  219  214
 3213  222  217
 3229  225  220
 3244  228  223
 3260  231  228
 3276  234  233
 3292  238  237
 3307  241  239
 3323  244  243
 3339  247  246
 3354  251  248
 3370  254  251
 3386  257  253
 3402  261  255
 3417  264  261
 3433  267  265
 3449  270  270
 3464  274  272
 3480  277  276
 3496  280  279
 3511  284  283
 3527  287  286
 3543  290  289
 3559  293  290
 3574  297  294
 3590  300  297
 3606  303  301
 3621  306  305
 3637  310  309
 3653  313  312
 3669  316  314
 3684  320  319
 3700  323  322
 3716  326  325
 3731  329  328
 3747  332  331
 3763  335  333
 3778  337  336
 3794  339  339
 3810  341  341
 3825  343  342
 3841  345  344
 3857  346  345
 3872  347  347
 3888  348  348
 3904  349  348
 3920  350  349
 3935  350  350
 3951  350  350
 3967  349  350
 3982  349  351
 3998  349  350
 4014  348  351
 4030  347  350
 4045  346  350
 4061  345  349
 4077  344  349
 4092  342  347
 4108  340  347
 4124  338  344
 4140  336  342
 4155  334  340
 4171  331  337
 4187  328  334
 4202  325  331
 4218  323  327
 4234  320  325
 4249  316  321
 4265  313  318
 4281  310  316
 4297  307  312
 4312  304  309
 4328  300  306
 4344  297  302
 4359  294  300
 4375  291  296
 4391  288  293
 4406  284  289
 4422  281  285
 4438  278  283
 4453  275  279
 4469  271  276
 4485  268  272
 4501  265  269
 4516  262  264
 4532  259  262
 4548  255  258
 4563  252  255
 4579  249  252
 4595  246  250
 4610  243  245
 4626  239  243
 4642  236  239
 4658  233  236
 4673  230  233
 4689  226  229
 4705  222  225
 4720  219  221
 4736  217  219
 4752  214  214
 4767  212  212
 4783  210  209
 4799  208  208
 4815  206  205
 4830  205  204
 4846  203  204
 4862  202  204
 4877  201  201
 4893  200  200
 4909  200  198
 4924  200  198
 4940  200  196
 4956  200  197
 4972  201  197
 4987  202  197
 5003  204  200
 5019  207  203
 5034  211  206
 5050  215  211
 5066  219  214
 5081  225  220
 5097  231  226
 5113  237  231
 5129  245  237
 5144  252  244
 5160  260  253
 5176  270  261
 5191  280  270
 5207  289  281
 5223  297  292
 5238  305  301
 5254  312  309
 5270  319  316
 5286  325  324
 5301  330  329
 5317  334  335
 5333  339  339
 5348  342  341
 5364  345  343
 5380  347  347
 5395  349  348
 5411  349  349
 5427  350  350
 5443  349  350
 5458  348  350
 5474  347  350
 5490  345  350
 5505  342  348
 5521  338  345
 5537  334  342
 5552  329  339
 5568  324  334
 5584  318  329
 5600  312  321
 5615  305  314
 5631  297  308
 5647  288  298
 5662  279  289
 5678  271  280
 5694  261  271
 5709  253  262
 5725  245  253
 5741  238  243
 5757  231  234
 5772  226  226
 5788  220  220
 5804  215  215
 5819  211  213
 5835  208  210
 5851  205  206
 5866  203  204
 5882  201  202
 5898  200  200
 5914  200  198
 5941  199  196
 5961  199  197
 5976  199  197
 5992  199  198
 6008  200  200
 6023  201  201
 6039  202  201
 6055  203  201
 6071  205  201
 6086  207  202
 6102  208  204
 6118  210  206
 6133  213  210
 6149  215  213
 6165  218  218
 6181  221  220
 6196  224  222
 6212  227  225
 6228  230  228
 6243  233  229
 6259  237  230
 6275  240  235
 6290  243  240
 6306  247  245
 6322  250  250
 6338  253  253
 6353  257  254
 6369  260  259
 6385  263  262
 6400  267  264
 6416  270  267
 6432  273  269
 6447  276  272
 6463  280  277
 6479  283  283
 6494  286  285
 6510  290  288
 6526  293  292
 6541  296  296
 6557  300  298
 6573  303  302
 6589  306  304
 6604  310  308
 6620  313  310
 6636  316  314
 6651  320  318
 6667  323  321
 6683  326  326
 6699  329  328
 6714  332  331
 6730  335  334
 6746  337  336
 6761  339  339
 6777  341  340
 6793  343  342
 6808  345  344
 6824  346  347
 6840  347  348
 6856  348  348
 6871  349  349
 6887  350  349
 6903  350  350
 6918  350  350
 6934  349  350
 6950  349  350
 6966  349  350
 6981  348  350
 6997  347  350
 7013  346  350
 7028  345  349
 7044  344  349
 7060  342  348
 7075  340  347
 7091  338  344
 7107  336  343
 7122  334  341
 7138  331  337
 7154  328  335
 7169  325  331
 7185  323  329
 7201  320  325
 7217  316  321
 7232  313  318
 7248  310  314
 7264  307  312
 7279  304  309
 7295  300  305
 7311  297  302
 7327  294  300
 7342  291  296
 7358  288  293
 7374  284  289
 7389  281  285
 7405  278  283
 7421  275  279
 7436  271  276
 7452  268  272
 7468  265  269
 7484  262  265
 7499  259  262
 7515  255  259
 7531  252  256
 7546  249  253
 7562  246  250
 7578  243  245
 7594  239  243
 7609  236  238
 7625  233  236
 7641  230  233
 7656  226  229
 7672  222  226
 7688  219  221
 7703  217  218
 7719  214  215
 7735  212  212
 7750  210  209
 7766  208  206
 7782  206  205
 7797  205  204
 7813  203  204
 7829  202  204
 7845  201  202
 7860  200  200
 7876  200  198
 7892  200  197
 7907  200  197
 7923  200  197
 7939  201  197
 7955  202  198
 7970  204  200
 7986  207  203
 8002  211  206
 8017  215  210
 8033  219  214
 8049  225  220
 8064  231  226
 8080  237  231
 8096  245  237
 8112  252  244
 8127  260  253
 8143  270  262
 8159  280  271
 8174  289  283
 8190  297  292
 8206  305  300
 8221  312  308
 8237  319  316
 8253  325  324
 8269  330  329
 8284  334  333
 8300  339  337
 8316  342  341
 8331  345  343
 8347  347  347
 8363  349  348
 8378  349  349
 8394  350  350
 8410  349  350
 8426  348  350
 8441  347  351
 8457  345  350
 8473  342  348
 8488  338  345
 8504  334  342
 8520  329  339
 8535  324  334
 8551  318  329
 8567  312  322
 8583  305  314
 8598  297  308
 8614  288  298
 8630  279  290
 8645  271  280
 8661  261  270
 8677  253  261
 8692  245  252
 8708  238  243
 8724  231  234
 8740  226  226
 8755  220  220
 8771  215  215
 8787  211  212
 8802  208  210
 8818  205  206
 8834  203  204
 8849  201  202
 8865  200  200
 8881  200  197
 8908  199  196
 8928  199  197
 8944  199  197
 8959  199  198
 8975  200  200
 8991  201  201
 9006  202  201
 9022  203  202
 9038  205  201
 9054  207  202
 9069  208  204
 9085  210  206
 9101  213  210
 9116  215  213
 9132  218  217
 9148  221  220
 9163  224  222
 9179  227  225
 9195  230  228
 9210  233  229
 9226  237  231
 9242  240  235
 9258  243  239
 9273  247  244
 9289  250  250
 9305  253  253
 9321  257  254
 9336  260  259
 9352  263  262
 9368  267  265
 9383  270  269
 9399  273  269
 9415  276  273
 9430  280  278
 9446  283  281
 9462  286  285
 9478  290  287
 9493  293  290
 9509  296  296
 9525  300  298
 9540  303  301
 9556  306  304
 9572  310  306
 9587  313  311
 9603  316  314
 9619  320  318
 9634  323  321
 9650  326  326
 9666  329  328
 9682  332  332
 9697  335  334
 9713  337  336
 9729  339  339
 9744  341  340
 9760  343  341
 9776  345  344
 9791  346  347
 9807  347  347
 9823  348  348
 9839  349  349
 9854  350  348
 9870  350  350
 9886  350  350
 9901  349  350
 9917  349  350
 9933  349  350
 9949  348  350
 9964  347  350
 9980  346  350
 9996  345  350
10011  344  349
10027  342  348
10043  340  347
10058  338  344
10074  336  343
10090  334  339
10105  331  337
10121  328  334
10137  325  331
10153  323  328
10168  320  325
10184  316  321
10200  313  318
10215  310  314
10231  307  312
10247  304  309
10263  300  305
10278  297  302
10294  294  298
10310  291  296
10325  288  292
10341  284  289
10357  281  285
10372  278  283
10388  275  279
10404  271  276
10419  268  272
10435  265  269
10451  262  265
10466  259  262
10482  255  259
10498  252  255
10514  249  252
10529  246  248
10545  243  246
10561  239  243
10576  236  238
10592  233  236
10608  230  233
10624  226  229
10639  222  225
10655  219  221
10671  217  218
10686  214  214
10702  212  212
10718  210  209
10733  208  208
10749  206  205
10765  205  204
10781  203  204
10796  202  203
10812  201  201
10828  200  200
10843  200  198
10859  200  198
10875  200  197
10890  200  197
10906  201  197
10922  202  198
10938  204  200
10953  207  203
10969  211  206
10985  215  212
11000  219  214
11016  225  220
11032  231  225
11047  237  231
11063  245  237
11079  252  245
11094  260  253
11110  270  262
11126  280  272
11142  289  280
11157  297  292
11173  305  300
11189  312  308
11204  319  316
11220  325  324
11236  330  329
11252  334  334
11267  339  337
11283  342  342
11299  345  344
11314  347  347
11330  349  348
11346  349  349
11361  350  350
11377  349  350
11393  348  350
11409  347  350
11424  345  349
11440  342  348
11456  338  345
11471  334  343
11487  329  339
11503  324  334
11519  318  329
11534  312  322
11550  305  314
11566  297  308
11581  288  300
11597  279  289
11613  271  280
11628  261  270
11644  253  262
11660  245  253
11675  238  243
11691  231  235
11707  226  227
11722  220  220
11738  215  215
11754  211  212
11770  208  210
11785  205  206
11801  203  204
11817  201  202
11832  200  200
11848  200  198
11875  199  196
11895  199  197
11911  199  197
11927  199  198
11942  200  200
11958  201  201
11974  202  201
11989  203  201
12005  205  201
12021  207  202
12037  208  204
12052  210  206
12068  213  210
12084  215  213
12099  218  217
12115  221  221
12131  224  222
12147  227  223
12162  230  226
12178  233  229
12194  237  231
12209  240  236
12225  243  240
12241  247  245
12256  250  250
12272  253  252
12288  257  254
12303  260  259
12319  263  262
12335  267  264
12350  270  267
12366  273  269
12382  276  273
12398  280  278
12413  283  281
12429  286  285
12445  290  288
12460  293  292
12476  296  296
12492  300  298
12508  303  301
12523  306  304
12539  310  308
12555  313  310
12570  316  314
12586  320  318
12602  323  322
12617  326  326
12633  329  328
12649  332  331
12665  335  334
12680  337  336
12696  339  340
12712  341  340
12727  343  342
12743  345  344
12759  346  347
12774  347  347
12790  348  348
12806  349  349
12822  350  349
12837  350  350
12853  350  350
12869  349  350
12884  349  350
12900  349  350
12916  348  350
12931  347  350
12947  346  350
12963  345  349
12979  344  349
12994  342  348
13010  340  347
13026  338  344
13041  336  343
13057  334  340
13073  331  337
13088  328  334
13104  325  331
13120  323  328
13136  320  325
13151  316  320
13167  313  318
13183  310  314
13198  307  312
13214  304  309
13230  300  304
13246  297  303
13261  294  298
13277  291  296
13293  288  293
13308  284  289
13324  281  286
13340  278  283
13355  275  278
13371  271  276
13387  268  272
13403  265  269
13418  262  265
13434  259  262
13450  255  259
13465  252  255
13481  249  253
13497  246  248
13512  243  245
13528  239  243
13544  236  239
13559  233  236
13575  230  233
13591  226  229
13607  222  225
13622  219  221
13638  217  218
13654  214  214
13669  212  212
13685  210  209
13701  208  206
13716  206  205
13732  205  204
13748  203  204
13764  202  204
13779  201  201
13795  200  200
13811  200  198
13826  200  197
13842  200  197
13858  200  197
13873  201  197
13889  202  198
13905  204  200
13921  207  203
13936  211  206
13952  215  210
13968  219  214
13983  225  220
13999  231  226
14015  237  231
14031  245  238
14046  252  245
14062  260  252
14078  270  262
14093  280  271
14109  289  281
14125  297  292
14140  305  300
14156  312  309
14172  319  316
14187  325  324
14203  330  329
14219  334  334
14235  339  337
14250  342  341
14266  345  343
14282  347  345
14297  349  348
14313  349  349
14329  350  350
14344  349  350
14360  348  350
14376  347  350
14392  345  350
14407  342  349
14423  338  345
14439  334  343
14454  329  339
14470  324  334
14486  318  329
14501  312  322
14517  305  314
14533  297  308
14549  288  298
14564  279  289
14580  271  280
14596  261  270
14611  253  262
14627  245  253
14643  238  243
14658  231  234
14674  226  227
14690  220  220
14706  215  215
14721  211  212
14737  208  210
14753  205  206
14768  203  204
14784  201  202
14800  200  200
14815  200  198
14843  199  196
14863  199  197
14878  199  197
14894  199  198
14910  200  200
14925  201  201
14941  202  202
14957  203  201
14972  205  201
14988  207  202
15004  208  204
15020  210  206
15035  213  210
15051  215  213
15067  218  217
15082  221  220
15098  224  222
15114  227  225
15130  230  227
15145  233  229
15161  237  231
15177  240  235
15192  243  239
15208  247  245
15224  250  250
15239  253  252
15255  257  255
15271  260  259
15286  263  262
15302  267  264
15318  270  267
15334  273  270
15349  276  273
15365  280  278
15381  283  281
15396  286  285
15412  290  288
15428  293  292
15443  296  295
15459  300  298
15475  303  301
15491  306  304
15506  310  308
15522  313  311
15538  316  316
15553  320  318
15569  323  322
15585  326  326
15600  329  328
15616  332  331
15632  335  333
15648  337  336
15663  339  337
15679  341  340
15695  343  342
15710  345  344
15726  346  347
15742  347  347
15757  348  348
15773  349  348
15789  350  349
15805  350  350
15820  350  350
15836  349  350
15852  349  351
15867  349  350
15883  348  350
15899  347  350
15915  346  350
15930  345  350
15946  344  349
15962  342  349
15977  340  347
15993  338  344
16009  336  343
16024  334  340
16040  331  337
16056  328  334
16072  325  331
16087  323  328
16103  320  325
16119  316  321
16134  313  318
16150  310  314
16166  307  312
16181  304  309
16197  300  306
16213  297  302
16228  294  300
16244  291  295
16260  288  293
16275  284  289
16291  281  286
16307  278  283
16323  275  279
16338  271  276
16354  268  272
16370  265  269
16385  262  265
16401  259  262
16417  255  259
16433  252  254
16448  249  252
16464  246  250
16480  243  245
16495  239  243
16511  236  239
16527  233  236
16543  230  233
16558  226  229
16574  222  226
16590  219  221
16605  217  218
16621  214  214
16637  212  212
16652  210  209
16668  208  208
16684  206  205
16699  205  204
16715  203  204
16731  202  204
16747  201  201
16762  200  201
16778  200  198
16794  200  198
16809  200  197
16825  200  196
16841  201  197
16856  202  198
16872  204  200
16888  207  203
16903  211  206
16919  215  210
16935  219  214
16951  225  220
16966  231  225
16982  237  231
16998  245  237
17014  252  244
17029  260  254
17045  270  261
17061  280  272
17076  289  283
17092  297  292
17108  305  300
17123  312  308
17139  319  316
17155  325  324
17170  330  329
17186  334  334
17202  339  337
17218  342  341
17233  345  343
17249  347  347
17265  349  348
17280  349  349
17296  350  350
17312  349  350
17328  348  350
17343  347  349
17359  345  350
17375  342  348
17390  338  345
17406  334  343
17422  329  339
17437  324  334
17453  318  329
17469  312  322
17484  305  314
17500  297  308
17516  288  298
17532  279  289
17547  271  280
17563  261  270
17579  253  262
17594  245  252
17610  238  242
17626  231  235
17641  226  227
17657  220  220
17673  215  215
17689  211  212
17704  208  210
17720  205  206
17736  203  204
17751  201  202
17767  200  200
17783  200  198
17810  199  196
17830  199  197
17846  199  197
17861  199  198
17877  200  200
17893  201  201
17908  202  201
17924  203  201
17940  205  201
17956  207  202
17971  208  204
17987  210  206
18003  213  210
18018  215  213
18034  218  217
18050  221  220
18065  224  222
18081  227  225
18097  230  227
18112  233  229
18128  237  231
18144  240  235
18159  243  240
18175  247  244
18191  250  250
18207  253  252
18222  257  254
18238  260  259
18254  263  262
18269  267  264
18285  270  267
18301  273  269
18317  276  273
18332  280  278
18348  283  281
18364  286  285
18379  290  288
18395  293  292
18411  296  295
18426  300  298
18442  303  301
18458  306  304
18474  310  306
18489  313  311
18505  316  314
18521  320  318
18536  323  322
18552  326  326
18568  329  329
18583  332  331
18599  335  333
18615  337  336
18631  339  339
18646  341  340
18662  343  342
18678  345  344
18693  346  347
18709  347  347
18725  348  348
18740  349  348
18756  350  349
18772  350  350
18787  350  350
18803  349  349
18819  349  350
18835  349  350
18850  348  351
18866  347  350
18882  346  350
18897  345  350
18913  344  349
18929  342  348
18945  340  347
18960  338  344
18976  336  343
18992  334  340
19007  331  337
19023  328  334
19039  325  331
19054  323  328
19070  320  325
19086  316  321
19102  313  318
19117  310  316
19133  307  312
19149  304  309
19164  300  305
19180  297  302
19196  294  298
19212  291  296
19227  288  293
19243  284  289
19259  281  286
19274  278  283
19290  275  279
19306  271  277
19321  268  272
19337  265  269
19353  262  265
19368  259  262
19384  255  259
19400  252  255
19415  249  252
19431  246  248
19447  243  245
19463  239  243
19478  236  239
19494  233  236
19510  230  233
19525  226  229
19541  222  226
19557  219  221
19573  217  218
19588  214  215
19604  212  211
19620  210  209
19635  208  205
19651  206  205
19667  205  204
19682  203  204
19698  202  204
19714  201  201
19730  200  201
19745  200  198
19761  200  198
19777  200  197
19792  200  197
19808  201  197
19824  202  198
19840  204  200
19855  207  203
19871  211  206
19887  215  210
19902  219  214
19918  225  220
19934  231  225
19949  237  231
19965  245  238
19981  252  245
19996  260  253