    17  433  433
   37  433  433
   53  433  432
   68  433  432
   84  434  433
  100  434  433
  116  435  433
  131  436  434
  147  437  435
  163  438  436
  178  439  437
  194  440  437
  210  441  439
  225  442  439
  241  444  440
  257  446  441
  273  447  444
  288  449  445
  304  451  447
  320  452  449
  335  454  449
  351  456  450
  367  458  452
  382  459  454
  398  461  454
  414  463  457
  429  465  460
  445  466  461
  461  468  462
  477  470  464
  492  472  465
  508  473  466
  524  475  469
  539  477  470
  555  479  473
  571  480  474
  587  482  475
  602  484  476
  618  485  477
  634  487  479
  649  489  482
  665  491  484
  681  492  486
  696  494  487
  712  496  488
  728  498  489
  744  499  491
  759  501  492
  775  502  495
  791  504  496
  806  505  498
  822  506  499
  838  507  500
  853  508  500
  869  509  500
  885  510  502
  901  510  503
  916  511  503
  932  511  503
  948  512  504
  963  512  506
  979  512  506
  995  511  506
 1010  511  506
 1026  510  506
 1042  509  506
 1057  507  506
 1073  505  504
 1089  503  502
 1105  500  500
 1120  497  498
 1136  493  496
 1152  489  494
 1167  484  489
 1183  479  485
 1199  474  481
 1214  467  477
 1230  462  474
 1246  455  470
 1262  448  463
 1277  442  457
 1293  435  449
 1309  428  440
 1324  422  433
 1340  415  425
 1356  408  417
 1372  402  410
 1387  395  402
 1403  388  395
 1419  382  389
 1434  375  382
 1450  368  377
 1466  362  372
 1481  355  365
 1497  348  359
 1513  341  352
 1529  335  347
 1544  328  337
 1560  321  331
 1576  315  324
 1591  308  316
 1607  301  309
 1623  295  302
 1638  288  296
 1654  281  289
 1670  275  281
 1686  268  276
 1701  261  269
 1717  254  262
 1733  247  254
 1748  241  247
 1764  235  240
 1780  230  235
 1795  225  228
 1811  221  221
 1827  217  217
 1842  213  213
 1858  210  210
 1874  207  208
 1890  205  206
 1905  203  204
 1921  202  203
 1937  200  201
 1952  200  197
 1968  200  200
 1984  200  198
 2000  200  198
 2015  200  197
 2031  200  198
 2047  200  198
 2062  200  200
 2078  200  201
 2094  200  200
 2109  200  198
 2125  200  200
 2141  200  200
 2157  200  198
 2172  200  198
 2188  200  197
 2204  200  197
 2219  200  198
 2235  200  198
 2251  200  200
 2266  200  200
 2282  200  200
 2298  200  198
 2314  200  200
 2329  200  198
 2345  200  198
 2361  200  198
 2376  200  197
 2392  200  197
 2408  200  198
 2423  200  198
 2439  200  198
 2455  200  200
 2470  200  200
 2486  200  198
 2502  200  200
 2518  200  198
 2533  200  198
 2549  200  197
 2565  200  197
 2580  200  198
 2596  200  198
 2612  200  200
 2627  200  200
 2643  200  198
 2659  200  198
 2675  200  198
 2690  200  198
 2706  200  197
 2722  200  197
 2737  200  198
 2753  200  198
 2769  200  201
 2785  200  200
 2800  200  198
 2816  200  198
 2832  200  200
 2847  200  198
 2863  200  197
 2879  200  197
 2894  200  198
 2910  200  198
 2926  200  200
 2942  200  200
 2957  200  200
 2977  200  198
 2997  200  198
 3012  200  200
 3028  200  198
 3044  201  197
 3059  202  197
 3075  203  198
 3091  204  200
 3106  206  202
 3122  208  204
 3138  209  204
 3153  211  205
 3169  214  206
 3185  216  209
 3200  219  211
 3216  222  213
 3232  225  215
 3248  228  219
 3263  231  222
 3279  234  226
 3295  238  229
 3310  241  233
 3326  244  236
 3342  247  239
 3358  251  244
 3373  254  247
 3389  257  250
 3405  261  253
 3420  264  256
 3436  267  259
 3452  270  263
 3467  274  265
 3483  277  269
 3499  280  272
 3515  284  278
 3530  287  281
 3546  290  284
 3562  293  286
 3577  297  289
 3593  300  293
 3609  303  296
 3624  306  300
 3640  310  303
 3656  313  308
 3672  316  310
 3687  320  314
 3703  323  318
 3719  326  321
 3734  329  326
 3750  332  329
 3766  335  332
 3781  337  335
 3797  339  339
 3813  341  341
 3828  343  343
 3844  345  343
 3860  346  347
 3876  347  348
 3891  348  348
 3907  349  348
 3923  350  349
 3938  350  350
 3954  350  350
 3970  349  351
 3986  349  351
 4001  349  351
 4017  348  352
 4033  347  351
 4048  346  351
 4064  345  351
 4080  344  351
 4095  342  351
 4111  340  352
 4127  338  351
 4143  336  351
 4158  334  351
 4174  331  350
 4190  328  350
 4205  325  349
 4221  323  348
 4237  320  347
 4253  316  344
 4268  313  343
 4284  310  340
 4300  307  337
 4315  304  334
 4331  300  332
 4347  297  327
 4362  294  324
 4378  291  319
 4394  288  316
 4409  284  312
 4425  281  309
 4441  278  304
 4457  275  300
 4472  271  296
 4488  268  293
 4504  265  289
 4519  262  286
 4535  259  283
 4551  255  279
 4566  252  275
 4582  249  272
 4598  246  268
 4614  243  264
 4629  239  260
 4645  236  256
 4661  233  253
 4676  230  248
 4692  226  245
 4708  222  242
 4724  219  237
 4739  217  234
 4755  214  229
 4771  212  227
 4786  210  222
 4802  208  220
 4818  206  215
 4833  205  213
 4849  203  211
 4865  202  208
 4880  201  205
 4896  200  203
 4912  200  202
 4928  200  201
 4943  200  200
 4959  200  197
 4975  201  198
 4990  202  197
 5006  204  198
 5022  207  198
 5037  211  201
 5053  215  202
 5069  219  204
 5085  225  208
 5100  231  211
 5116  237  215
 5132  245  221
 5147  252  227
 5163  260  234
 5179  270  240
 5194  280  250
 5210  289  258
 5226  297  267
 5242  305  277
 5257  312  285
 5273  319  293
 5289  325  302
 5304  330  310
 5320  334  319
 5336  339  326
 5351  342  332
 5367  345  340
 5383  347  343
 5399  349  348
 5414  349  351
 5430  350  354
 5446  349  354
 5461  348  354
 5477  347  352
 5493  345  354
 5508  342  354
 5524  338  354
 5540  334  352
 5556  329  351
 5571  324  351
 5587  318  350
 5603  312  348
 5618  305  344
 5634  297  341
 5650  288  335
 5666  279  331
 5681  271  324
 5697  261  314
 5713  253  306
 5728  245  298
 5744  238  289
 5760  231  279
 5775  226  269
 5791  220  260
 5807  215  251
 5822  211  243
 5838  208  234
 5854  205  225
 5869  203  218
 5885  201  211
 5901  200  206
 5917  200  203
 5944  199  198
 5964  199  197
 5979  199  197
 5995  199  197
 6011  200  198
 6027  201  198
 6042  202  200
 6058  203  200
 6074  205  201
 6089  207  201
 6105  208  203
 6121  210  204
 6136  213  205
 6152  215  208
 6168  218  210
 6184  221  212
 6199  224  214
 6215  227  218
 6231  230  220
 6246  233  223
 6262  237  227
 6278  240  230
 6294  243  235
 6309  247  237
 6325  250  243
 6341  253  245
 6356  257  248
 6372  260  253
 6388  263  255
 6403  267  259
 6419  270  262
 6435  273  265
 6450  276  269
 6466  280  272
 6482  283  276
 6498  286  280
 6513  290  284
 6529  293  286
 6545  296  289
 6560  300  293
 6576  303  296
 6592  306  300
 6607  310  303
 6623  313  306
 6639  316  310
 6655  320  314
 6670  323  318
 6686  326  321
 6702  329  326
 6717  332  328
 6733  335  332
 6749  337  335
 6765  339  339
 6780  341  341
 6796  343  343
 6812  345  344
 6827  346  347
 6843  347  347
 6859  348  348
 6874  349  349
 6890  350  349
 6906  350  350
 6921  350  350
 6937  349  351
 6953  349  351
 6969  349  351
 6984  348  351
 7000  347  351
 7016  346  351
 7031  345  351
 7047  344  351
 7063  342  350
 7078  340  351
 7094  338  351
 7110  336  351
 7126  334  351
 7141  331  349
 7157  328  350
 7173  325  349
 7188  323  348
 7204  320  347
 7220  316  345
 7235  313  343
 7251  310  341
 7267  307  339
 7282  304  334
 7298  300  332
 7314  297  328
 7330  294  324
 7345  291  320
 7361  288  316
 7377  284  313
 7392  281  309
 7408  278  304
 7424  275  301
 7440  271  296
 7455  268  293
 7471  265  289
 7487  262  286
 7502  259  283
 7518  255  279
 7534  252  276
 7549  249  271
 7565  246  268
 7581  243  264
 7597  239  261
 7612  236  256
 7628  233  253
 7644  230  250
 7659  226  245
 7675  222  242
 7691  219  237
 7707  217  234
 7722  214  230
 7738  212  227
 7754  210  223
 7769  208  220
 7785  206  217
 7801  205  213
 7816  203  211
 7832  202  208
 7848  201  206
 7863  200  204
 7879  200  202
 7895  200  201
 7911  200  200
 7926  200  198
 7942  201  198
 7958  202  197
 7973  204  198
 7989  207  200
 8005  211  201
 8020  215  202
 8036  219  204
 8052  225  208
 8068  231  211
 8083  237  214
 8099  245  221
 8115  252  227
 8130  260  234
 8146  270  240
 8162  280  248
 8177  289  256
 8193  297  267
 8209  305  276
 8225  312  285
 8240  319  294
 8256  325  302
 8272  330  310
 8287  334  318
 8303  339  326
 8319  342  333
 8334  345  339
 8350  347  343
 8366  349  348
 8382  349  351
 8397  350  352
 8413  349  354
 8429  348  354
 8444  347  354
 8460  345  355
 8476  342  354
 8491  338  354
 8507  334  352
 8523  329  351
 8538  324  351
 8554  318  350
 8570  312  348
 8586  305  345
 8601  297  341
 8617  288  336
 8633  279  331
 8649  271  322
 8664  261  316
 8680  253  308
 8696  245  297
 8711  238  289
 8727  231  279
 8743  226  269
 8758  220  260
 8774  215  251
 8790  211  242
 8805  208  234
 8821  205  225
 8837  203  218
 8853  201  212
 8868  200  206
 8884  200  203
 8911  199  198
 8931  199  197
 8947  199  198
 8962  199  197
 8978  200  198
 8994  201  200
 9010  202  200
 9025  203  200
 9041  205  201
 9057  207  202
 9072  208  203
 9088  210  204
 9104  213  205
 9119  215  208
 9135  218  210
 9151  221  212
 9166  224  214
 9182  227  218
 9198  230  220
 9214  233  223
 9229  237  227
 9245  240  230
 9261  243  235
 9276  247  238
 9292  250  242
 9308  253  245
 9323  257  248
 9339  260  253
 9355  263  255
 9371  267  259
 9386  270  262
 9402  273  265
 9418  276  269
 9433  280  272
 9449  283  276
 9465  286  279
 9481  290  281
 9496  293  286
 9512  296  289
 9528  300  293
 9543  303  296
 9559  306  300
 9575  310  303
 9591  313  306
 9606  316  309
 9622  320  314
 9638  323  318
 9653  326  321
 9669  329  325
 9685  332  328
 9700  335  332
 9716  337  335
 9732  339  339
 9747  341  341
 9763  343  343
 9779  345  344
 9795  346  347
 9810  347  348
 9826  348  348
 9842  349  349
 9857  350  349
 9873  350  350
 9889  350  350
 9904  349  351
 9920  349  351
 9936  349  351
 9952  348  351
 9967  347  350
 9983  346  351
 9999  345  351
10014  344  351
10030  342  351
10046  340  351
10062  338  352
10077  336  351
10093  334  351
10109  331  350
10124  328  350
10140  325  349
10156  323  348
10171  320  347
10187  316  345
10203  313  343
10218  310  341
10234  307  339
10250  304  334
10266  300  332
10281  297  328
10297  294  324
10313  291  320
10328  288  316
10344  284  312
10360  281  309
10375  278  304
10391  275  301
10407  271  295
10423  268  293
10438  265  289
10454  262  286
10470  259  284
10485  255  279
10501  252  276
10517  249  272
10532  246  268
10548  243  264
10564  239  261
10579  236  256
10595  233  253
10611  230  250
10627  226  245
10642  222  242
10658  219  237
10674  217  234
10689  214  230
10705  212  227
10721  210  223
10737  208  220
10752  206  217
10768  205  213
10784  203  211
10799  202  208
10815  201  206
10831  200  204
10846  200  202
10862  200  201
10878  200  200
10894  200  198
10909  201  198
10925  202  197
10941  204  197
10956  207  200
10972  211  200
10988  215  202
11003  219  204
11019  225  208
11035  231  211
11051  237  215
11066  245  221
11082  252  227
11098  260  234
11113  270  240
11129  280  247
11145  289  256
11160  297  267
11176  305  276
11192  312  285
11207  319  293
11223  325  302
11239  330  309
11255  334  318
11270  339  325
11286  342  333
11302  345  339
11317  347  344
11333  349  348
11349  349  351
11365  350  352
11380  349  354
11396  348  354
11412  347  354
11427  345  354
11443  342  354
11459  338  354
11474  334  354
11490  329  352
11506  324  351
11522  318  350
11537  312  348
11553  305  345
11569  297  341
11584  288  335
11600  279  331
11616  271  324
11631  261  314
11647  253  308
11663  245  298
11679  238  289
11694  231  280
11710  226  270
11726  220  261
11741  215  251
11757  211  243
11773  208  234
11788  205  225
11804  203  218
11820  201  212
11835  200  206
11851  200  203
11879  199  198
11898  199  197
11914  199  197
11930  199  197
11945  200  198
11961  201  198
11977  202  200
11993  203  200
12008  205  201
12024  207  202
12040  208  203
12055  210  204
12071  213  205
12087  215  208
12102  218  210
12118  221  212
12134  224  214
12150  227  218
12165  230  220
12181  233  223
12197  237  227
12212  240  230
12228  243  235
12244  247  238
12260  250  242
12275  253  245
12291  257  248
12307  260  253
12322  263  255
12338  267  259
12354  270  262
12369  273  265
12385  276  269
12401  280  272
12416  283  276
12432  286  279
12448  290  283
12463  293  286
12479  296  289
12495  300  293
12511  303  296
12526  306  300
12542  310  303
12558  313  306
12573  316  310
12589  320  313
12605  323  318
12621  326  321
12636  329  325
12652  332  328
12668  335  332
12683  337  335
12699  339  339
12715  341  341
12730  343  343
12746  345  344
12762  346  347
12778  347  348
12793  348  348
12809  349  348
12825  350  349
12840  350  350
12856  350  350
12872  349  351
12887  349  351
12903  349  351
12919  348  351
12935  347  351
12950  346  351
12966  345  351
12982  344  351
12997  342  351
13013  340  352
13029  338  351
13044  336  351
13060  334  350
13076  331  350
13092  328  350
13107  325  349
13123  323  348
13139  320  347
13154  316  345
13170  313  343
13186  310  341
13201  307  339
13217  304  335
13233  300  332
13248  297  328
13264  294  325
13280  291  320
13296  288  317
13311  284  313
13327  281  309
13343  278  304
13359  275  301
13374  271  296
13390  268  294
13406  265  289
13421  262  286
13437  259  283
13453  255  279
13468  252  275
13484  249  272
13500  246  268
13515  243  264
13531  239  261
13547  236  256
13563  233  253
13578  230  250
13594  226  245
13610  222  242
13625  219  237
13641  217  235
13657  214  229
13672  212  227
13688  210  223
13704  208  220
13720  206  217
13735  205  213
13751  203  211
13767  202  208
13782  201  206
13798  200  204
13814  200  202
13829  200  201
13845  200  200
13861  200  198
13877  201  198
13892  202  198
13908  204  198
13924  207  198
13939  211  200
13955  215  202
13971  219  204
13986  225  208
14002  231  211
14018  237  215
14034  245  220
14049  252  227
14065  260  234
14081  270  240
14096  280  248
14112  289  256
14128  297  267
14144  305  276
14159  312  285
14175  319  293
14191  325  302
14206  330  310
14222  334  318
14238  339  326
14253  342  333
14269  345  340
14285  347  343
14300  349  348
14316  349  351
14332  350  352
14348  349  354
14363  348  354
14379  347  354
14395  345  355
14410  342  354
14426  338  355
14442  334  354
14457  329  352
14473  324  351
14489  318  350
14505  312  347
14520  305  345
14536  297  343
14552  288  336
14567  279  331
14583  271  324
14599  261  316
14614  253  308
14630  245  298
14646  238  289
14662  231  280
14677  226  271
14693  220  261
14709  215  251
14724  211  243
14740  208  234
14756  205  225
14771  203  218
14787  201  212
14803  200  206
14819  200  203
14846  199  198
14866  199  197
14881  199  197
14897  199  197
14913  200  198
14928  201  200
14944  202  200
14960  203  200
14976  205  200
14991  207  202
15007  208  203
15023  210  204
15038  213  205
15054  215  208
15070  218  209
15085  221  212
15101  224  213
15117  227  217
15132  230  221
15148  233  223
15164  237  227
15180  240  230
15195  243  235
15211  247  238
15227  250  243
15243  253  245
15258  257  248
15274  260  253
15290  263  255
15305  267  260
15321  270  263
15337  273  265
15352  276  269
15368  280  272
15384  283  276
15399  286  279
15415  290  283
15431  293  286
15447  296  289
15462  300  293
15478  303  297
15494  306  300
15509  310  303
15525  313  306
15541  316  310
15556  320  314
15572  323  318
15588  326  321
15604  329  325
15619  332  328
15635  335  332
15651  337  335
15666  339  339
15682  341  341
15698  343  343
15713  345  344
15729  346  347
15745  347  348
15761  348  348
15776  349  349
15792  350  349
15808  350  349
15823  350  351
15839  349  351
15855  349  351
15870  349  351
15886  348  351
15902  347  351
15918  346  351
15933  345  351
15949  344  350
15965  342  350
15980  340  351
15996  338  351
16012  336  351
16028  334  351
16043  331  351
16059  328  350
16075  325  349
16090  323  349
16106  320  347
16122  316  345
16137  313  343
16153  310  341
16169  307  339
16185  304  335
16200  300  332
16216  297  328
16232  294  325
16247  291  321
16263  288  317
16279  284  312
16294  281  309
16310  278  304
16326  275  301
16341  271  296
16357  268  293
16373  265  289
16388  262  286
16404  259  283
16420  255  279
16436  252  276
16451  249  272
16467  246  268
16483  243  264
16498  239  261
16514  236  256
16530  233  253
16546  230  250
16561  226  245
16577  222  242
16593  219  237
16608  217  235
16624  214  230
16640  212  227
16655  210  223
16671  208  220
16687  206  217
16703  205  213
16718  203  211
16734  202  208
16750  201  206
16765  200  204
16781  200  202
16797  200  201
16812  200  200
16828  200  198
16844  201  198
16860  202  197
16875  204  197
16891  207  200
16907  211  200
16922  215  202
16938  219  204
16954  225  208
16969  231  212
16985  237  215
17001  245  220
17016  252  227
17032  260  234
17048  270  240
17064  280  248
17079  289  256
17095  297  267
17111  305  276
17126  312  285
17142  319  293
17158  325  302
17174  330  310
17189  334  318
17205  339  326
17221  342  332
17236  345  336
17252  347  343
17268  349  348
17283  349  351
17299  350  352
17315  349  354
17331  348  354
17346  347  354
17362  345  354
17378  342  354
17393  338  354
17409  334  354
17425  329  352
17441  324  351
17456  318  350
17472  312  347
17488  305  345
17503  297  342
17519  288  335
17535  279  332
17550  271  324
17566  261  316
17582  253  308
17597  245  298
17613  238  289
17629  231  280
17645  226  270
17660  220  261
17676  215  251
17692  211  242
17707  208  234
17723  205  225
17739  203  218
17754  201  212
17770  200  206
17786  200  203
17813  199  197
17833  199  197
17849  199  197
17864  199  197
17880  200  198
17896  201  198
17912  202  200
17927  203  200
17943  205  201
17959  207  202
17974  208  203
17990  210  204
18006  213  206
18021  215  208
18037  218  210
18053  221  212
18068  224  214
18084  227  218
18100  230  220
18116  233  223
18131  237  227
18147  240  230
18163  243  235
18178  247  237
18194  250  242
18210  253  245
18225  257  250
18241  260  253
18257  263  255
18273  267  258
18288  270  262
18304  273  265
18320  276  270
18335  280  272
18351  283  276
18367  286  280
18382  290  283
18398  293  285
18414  296  289
18429  300  293
18445  303  295
18461  306  300
18477  310  303
18492  313  306
18508  316  309
18524  320  313
18539  323  318
18555  326  321
18571  329  326
18587  332  328
18602  335  333
18618  337  335
18634  339  339
18649  341  342
18665  343  343
18681  345  344
18696  346  347
18712  347  347
18728  348  348
18744  349  349
18759  350  349
18775  350  350
18791  350  351
18806  349  351
18822  349  351
18838  349  351
18853  348  351
18869  347  351
18885  346  351
18901  345  351
18916  344  351
18932  342  351
18948  340  350
18963  338  351
18979  336  351
18995  334  351
19010  331  350
19026  328  350
19042  325  349
19058  323  349
19073  320  347
19089  316  345
19105  313  343
19120  310  341
19136  307  339
19152  304  335
19167  300  332
19183  297  328
19199  294  325
19215  291  320
19230  288  317
19246  284  312
19262  281  309
19277  278  305
19293  275  302
19309  271  296
19325  268  293
19340  265  290
19356  262  286
19372  259  284
19387  255  279
19403  252  276
19419  249  271
19434  246  268
19450  243  264
19466  239  261
19481  236  256
19497  233  253
19513  230  250
19529  226  245
19544  222  242
19560  219  237
19576  217  235
19591  214  231
19607  212  227
19623  210  223
19638  208  220
19654  206  218
19670  205  213
19686  203  211
19701  202  208
19717  201  206
19733  200  204
19748  200  202
19764  200  201
19780  200  200
19795  200  198
19811  201  198
19827  202  197
19843  204  198
19858  207  198
19874  211  200
19890  215  202
19905  219  204
19921  225  206
19937  231  211
19953  237  215
19968  245  220
19984  252  227