   16  511  511  126
   45  511  510  126
   69  511  509  126
   92  511  510  126
  116  511  510  126
  139  511  510  126
  163  511  510  126
  186  511  510  126
  210  511  510  126
  233  511  511  126
  257  511  510  126
  280  511  510  126
  304  511  510  126
  328  511  510  126
  351  511  510  126
  375  511  509  126
  398  511  510  126
  422  511  510  126
  445  511  510  126
  469  511  509  126
  492  511  510  120
  516  511  509  120
  539  511  510  120
  563  511  510  120
  587  511  510  120
  610  511  510  120
  634  511  510  120
  657  511  510  120
  681  511  510  120
  704  511  510  120
  728  511  510  120
  751  512  511  120
  775  512  511  120
  798  512  511  120
  822  512  511  120
  846  512  511  120
  869  512  511  120
  893  512  511  120
  916  512  511  120
  940  512  511  120
  963  512  511  120
  987  512  510  120
 1010  512  511  124
 1034  512  511  124
 1058  512  511  124
 1081  512  511  124
 1105  512  510  124
 1128  512  512  124
 1152  512  511  124
 1175  512  511  124
 1199  512  511  124
 1222  512  511  124
 1246  512  511  124
 1270  512  511  124
 1293  512  511  124
 1317  512  511  124
 1340  512  511  124
 1364  512  511  124
 1387  512  511  124
 1411  512  511  124
 1434  512  511  124
 1458  512  511  124
 1481  512  511  124
 1505  512  511  124
 1529  512  511  123
 1552  512  511  123
 1576  512  511  123
 1599  512  511  123
 1623  512  511  123
 1646  512  511  123
 1670  512  511  123
 1693  512  511  123
 1717  512  511  123
 1740  512  511  123
 1764  512  511  123
 1788  512  511  123
 1811  512  512  123
 1835  512  511  123
 1858  512  511  123
 1882  512  511  123
 1905  512  511  123
 1929  512  511  123
 1953  512  511  123
 1976  512  509  123
 2000  512  511  123
 2023  512  511  123
 2047  512  511  123
 2070  512  511  124
 2094  512  511  124
 2117  512  511  124
 2141  512  511  124
 2164  512  511  124
 2188  512  511  124
 2212  512  511  124
 2235  512  511  124
 2259  512  510  124
 2282  512  511  124
 2306  512  511  124
 2329  512  511  124
 2353  512  509  124
 2376  512  511  124
 2400  512  511  124
 2423  512  511  124
 2447  512  511  124
 2471  512  511  124
 2494  512  511  124
 2518  512  511  124
 2541  512  511  124
 2565  512  511  124
 2588  512  511  124
 2612  512  511  124
 2635  512  511  124
 2659  512  511  124
 2683  512  511  124
 2706  512  511  124
 2730  512  511  124
 2753  512  511  124
 2777  512  511  124
 2800  512  511  124
 2824  512  511  124
 2847  512  512  124
 2871  512  511  124
 2894  512  511  124
 2918  512  511  124
 2942  512  511  124
 2977  512  511  124
 3004  512  511  124
 3028  515  515  124
 3051  520  519  124
 3075  526  524  124
 3099  535  532  124
 3122  545  546  124
 3146  557  559  124
 3169  571  572  124
 3193  587  588  124
 3216  605  607  124
 3240  625  627  124
 3263  642  643  124
 3287  657  659  124
 3311  670  672  124
 3334  682  681  124
 3358  692  694  124
 3381  700  703  124
 3405  706  705  124
 3428  709  705  124
 3452  712  709  124
 3475  711  713  124
 3499  710  713  124
 3523  708  705  124
 3546  705  699  124
 3570  700  698  124
 3593  694  695  124
 3617  687  692  124
 3640  679  675  123
 3664  670  666  123
 3687  659  661  123
 3711  647  648  123
 3734  635  631  123
 3758  622  618  123
 3782  609  607  123
 3805  596  598  123
 3829  583  582  123
 3852  570  568  123
 3876  558  556  123
 3899  545  545  123
 3923  532  531  123
 3946  519  514  123
 3970  506  503  123
 3993  493  491  123
 4017  480  478  123
 4041  467  465  123
 4064  455  454  123
 4088  442  440  123
 4111  429  424  123
 4135  416  413  123
 4158  403  400  124
 4182  390  386  124
 4205  376  374  124
 4229  364  363  124
 4253  354  354  124
 4276  344  345  124
 4300  336  329  124
 4323  329  331  124
 4347  323  326  124
 4370  318  313  124
 4394  315  313  124
 4417  313  315  124
 4441  311  310  124
 4464  312  306  124
 4488  317  323  124
 4512  325  319  124
 4535  337  336  124
 4559  352  355  124
 4582  371  368  124
 4606  395  394  124
 4629  421  421  124
 4653  452  450  124
 4676  486  488  121
 4700  525  524  121
 4724  560  561  121
 4747  592  592  121
 4771  620  622  121
 4794  644  646  121
 4818  665  667  121
 4841  682  684  121
 4865  695  696  121
 4888  705  708  121
 4912  710  711  121
 4936  712  708  121
 4959  710  706  121
 4983  704  704  121
 5006  695  697  121
 5030  682  681  121
 5053  665  660  121
 5077  644  643  121
 5100  620  619  121
 5124  592  593  121
 5147  560  557  121
 5171  524  525  121
 5195  487  485  124
 5218  453  452  124
 5242  422  420  124
 5265  395  395  124
 5289  372  371  124
 5312  353  351  124
 5336  337  335  124
 5359  325  322  124
 5383  317  319  124
 5407  313  314  124
 5430  311  308  124
 5450  311  309  124
 5477  312  314  124
 5501  318  318  124
 5524  327  323  124
 5548  340  342  124
 5571  357  360  124
 5595  378  376  124
 5618  402  404  124
 5642  431  430  124
 5666  462  462  124
 5689  498  499  124
 5713  537  538  124
 5736  571  570  124
 5760  602  602  124
 5783  629  629  124
 5807  652  656  124
 5830  672  672  124
 5854  687  684  124
 5878  699  697  124
 5901  707  707  124
 5925  711  716  124
 5948  711  712  124
 5972  710  706  124
 5995  708  705  124
 6019  705  709  124
 6042  700  700  124
 6066  694  688  124
 6089  687  689  124
 6113  679  681  124
 6137  670  667  124
 6160  659  655  124
 6184  647  648  124
 6207  635  635  124
 6231  622  618  124
 6254  609  607  120
 6278  596  599  120
 6301  583  581  120
 6325  570  568  120
 6348  558  559  120
 6372  545  545  120
 6396  532  527  120
 6419  519  516  120
 6443  506  505  120
 6466  493  491  120
 6490  480  478  120
 6513  467  467  120
 6537  455  455  120
 6560  442  439  120
 6584  429  425  120
 6607  416  414  120
 6631  403  400  120
 6655  390  385  120
 6678  376  376  120
 6702  364  365  120
 6725  354  351  120
 6749  344  339  120
 6772  336  332  123
 6796  329  329  123
 6820  323  323  123
 6843  318  313  123
 6867  315  312  123
 6890  313  314  123
 6914  311  309  123
 6937  312  309  123
 6961  317  321  123
 6984  325  318  123
 7008  337  339  123
 7031  352  351  123
 7055  371  370  123
 7079  395  395  123
 7102  421  420  123
 7126  452  451  123
 7149  486  484  123
 7173  525  524  123
 7196  560  559  123
 7220  592  592  123
 7243  620  621  123
 7267  644  646  123
 7290  665  667  124
 7314  682  684  124
 7338  695  695  124
 7361  705  705  124
 7385  710  712  124
 7408  712  709  124
 7432  710  706  124
 7455  704  703  124
 7479  695  696  124
 7502  682  680  124
 7526  665  661  124
 7550  644  642  124
 7573  620  617  124
 7597  592  593  124
 7620  560  557  124
 7644  524  523  124
 7667  487  485  124
 7691  453  450  124
 7714  422  420  124
 7738  395  393  124
 7762  372  369  124
 7785  353  351  124
 7809  337  336  124
 7832  325  326  124
 7856  317  316  124
 7879  313  308  124
 7903  311  314  124
 7923  311  314  124
 7950  312  306  124
 7973  318  319  124
 7997  327  328  124
 8021  340  335  124
 8044  357  361  124
 8068  378  374  124
 8091  402  402  124
 8115  431  428  124
 8138  462  461  124
 8162  498  498  124
 8185  537  538  124
 8209  571  569  124
 8232  602  602  124
 8256  629  627  124
 8280  652  656  124
 8303  672  669  124
 8327  687  685  124
 8350  699  700  114
 8374  707  707  114
 8397  711  711  114
 8421  711  710  114
 8445  710  710  114
 8468  708  706  114
 8492  705  703  114
 8515  700  703  114
 8539  694  692  114
 8562  687  684  114
 8586  679  679  114
 8609  670  670  114
 8633  659  654  114
 8656  647  645  114
 8680  635  637  114
 8703  622  621  114
 8727  609  605  114
 8751  596  595  114
 8774  583  584  114
 8798  570  568  114
 8821  558  556  114
 8845  545  543  114
 8868  532  530  124
 8892  519  518  124
 8915  506  504  124
 8939  493  489  124
 8963  480  479  124
 8986  467  467  124
 9010  455  453  124
 9033  442  440  124
 9057  429  426  124
 9080  416  414  124
 9104  403  400  124
 9127  390  386  124
 9151  376  373  124
 9174  364  363  124
 9198  354  354  124
 9222  344  341  124
 9245  336  331  124
 9269  329  329  124
 9292  323  324  124
 9316  318  314  124
 9339  315  312  124
 9363  313  315  124
 9386  311  308  124
 9410  312  310  124
 9434  317  320  124
 9457  325  318  124
 9481  337  341  124
 9504  352  348  124
 9528  371  373  124
 9551  395  393  124
 9575  421  420  124
 9598  452  451  124
 9622  486  485  124
 9645  525  525  124
 9669  560  561  124
 9693  592  590  124
 9716  620  623  124
 9740  644  643  124
 9763  665  666  124
 9787  682  685  124
 9810  695  693  124
 9834  705  703  124
 9857  710  712  124
 9881  712  713  124
 9905  710  706  124
 9928  704  698  114
 9952  695  697  114
 9975  682  678  114
 9999  665  661  114
10022  644  645  114
10046  620  617  114
10069  592  592  114
10093  560  556  114
10116  524  522  114
10140  487  485  114
10163  453  449  114
10187  422  419  114
10211  395  394  114
10234  372  368  114
10258  353  350  114
10281  337  336  114
10305  325  325  114
10328  317  314  114
10352  313  308  114
10376  311  314  114
10396  311  311  114
10423  312  305  114
10446  318  323  124
10470  327  322  124
10493  340  341  124
10517  357  358  124
10540  378  373  124
10564  402  405  124
10587  431  428  124
10611  462  462  124
10635  498  498  124
10658  537  535  124
10682  571  571  124
10705  602  601  124
10729  629  626  124
10752  652  655  124
10776  672  671  124
10799  687  684  124
10823  699  700  124
10847  707  707  124
10870  711  710  124
10894  711  713  124
10917  710  712  124
10941  708  705  124
10964  705  700  124
10988  700  705  124
11011  694  692  124
11035  687  684  124
11058  679  679  124
11082  670  672  124
11106  659  655  124
11129  647  644  124
11153  635  637  124
11176  622  618  124
11200  609  606  124
11223  596  599  124
11247  583  580  124
11270  570  568  124
11294  558  559  124
11318  545  544  124
11341  532  528  124
11365  519  516  124
11388  506  505  124
11412  493  489  124
11435  480  479  124
11459  467  468  124
11482  455  455  118
11506  442  439  118
11530  429  426  118
11553  416  414  118
11577  403  400  118
11600  390  389  118
11624  376  378  118
11647  364  363  118
11671  354  350  118
11694  344  342  118
11718  336  335  118
11741  329  328  118
11765  323  320  118
11788  318  319  118
11812  315  318  118
11836  313  308  118
11859  311  311  118
11883  312  314  118
11906  317  312  118
11930  325  324  118
11953  337  339  118
11977  352  348  118
12000  371  374  124
12024  395  393  124
12048  421  421  124
12071  452  450  124
12095  486  487  124
12118  525  524  124
12142  560  562  124
12165  592  592  124
12189  620  623  124
12212  644  645  124
12236  665  666  124
12260  682  682  124
12283  695  692  124
12307  705  706  124
12330  710  711  124
12354  712  707  124
12377  710  709  124
12401  704  706  124
12424  695  694  124
12448  682  679  124
12471  665  663  124
12495  644  642  124
12519  620  619  124
12542  592  592  124
12566  560  558  124
12589  524  523  124
12613  487  485  124
12636  453  450  124
12660  422  419  124
12683  395  394  124
12707  372  370  124
12730  353  351  124
12754  337  333  124
12778  325  321  124
12801  317  319  124
12825  313  312  124
12848  311  312  124
12868  311  314  124
12895  312  311  124
12919  318  313  124
12943  327  331  124
12966  340  336  124
12990  357  359  124
13013  378  379  124
13037  402  403  124
13060  431  430  121
13084  462  462  121
13107  498  497  121
13131  537  536  121
13154  571  573  121
13178  602  600  121
13202  629  627  121
13225  652  655  121
13249  672  668  121
13272  687  686  121
13296  699  700  121
13319  707  704  121
13343  711  708  121
13366  711  715  121
13390  710  709  121
13414  708  703  121
13437  705  705  121
13461  700  705  121
13484  694  688  121
13508  687  687  121
13531  679  680  121
13555  670  667  121
13578  659  655  124
13602  647  646  124
13625  635  635  124
13649  622  619  124
13672  609  606  124
13696  596  597  124
13720  583  582  124
13743  570  567  124
13767  558  557  124
13790  545  544  124
13814  532  527  124
13837  519  516  124
13861  506  505  124
13885  493  489  124
13908  480  478  124
13932  467  467  124
13955  455  453  124
13979  442  439  124
14002  429  425  124
14026  416  414  124
14049  403  400  124
14073  390  388  124
14096  376  378  124
14120  364  363  124
14144  354  350  124
14167  344  341  124
14191  336  338  124
14214  329  328  124
14238  323  319  124
14261  318  321  124
14285  315  316  124
14308  313  306  124
14332  311  312  124
14355  312  312  124
14379  317  311  124
14403  325  325  124
14426  337  336  124
14450  352  349  124
14473  371  374  124
14497  395  394  124
14520  421  421  124
14544  452  451  124
14567  486  485  124
14591  525  524  124
14614  560  562  124
14638  592  592  121
14662  620  623  121
14685  644  645  121
14709  665  666  121
14732  682  684  121
14756  695  694  121
14779  705  705  121
14803  710  712  121
14827  712  709  121
14850  710  706  121
14874  704  704  121
14897  695  696  121
14921  682  680  121
14944  665  662  121
14968  644  642  121
14991  620  619  121
15015  592  592  121
15038  560  558  121
15062  524  523  121
15086  487  488  121
15109  453  450  121
15133  422  421  121
15156  395  392  120
15180  372  370  120
15203  353  352  120
15227  337  336  120
15250  325  322  120
15274  317  314  120
15297  313  314  120
15321  311  306  120
15341  311  305  120
15368  312  312  120
15392  318  321  120
15415  327  324  120
15439  340  340  120
15462  357  359  120
15486  378  376  120
15509  402  404  120
15533  431  430  120
15556  462  462  120
15580  498  498  120
15604  537  537  120
15627  571  572  120
15651  602  602  120
15674  629  630  118
15698  652  654  118
15721  672  670  118
15745  687  687  118
15769  699  700  118
15792  707  704  118
15816  711  709  118
15839  711  716  118
15863  710  709  118
15886  708  703  118
15910  705  706  118
15933  700  700  118
15957  694  688  118
15980  687  692  118
16004  679  678  118
16028  670  666  118
16051  659  659  118
16075  647  647  118
16098  635  632  118
16122  622  620  118
16145  609  611  118
16169  596  596  118
16192  583  581  124
16216  570  569  124
16239  558  559  124
16263  545  543  124
16287  532  528  124
16310  519  515  124
16334  506  504  124
16357  493  490  124
16381  480  478  124
16404  467  467  124
16428  455  454  124
16451  442  438  124
16475  429  425  124
16499  416  414  124
16522  403  400  124
16546  390  386  124
16569  376  374  124
16593  364  363  124
16616  354  352  124
16640  344  341  124
16663  336  331  124
16687  329  329  124
16711  323  326  124
16734  318  313  124
16758  315  313  124
16781  313  315  124
16805  311  306  124
16828  312  312  124
16852  317  316  124
16875  325  318  124
16899  337  341  124
16922  352  345  124
16946  371  375  124
16970  395  391  124
16993  421  422  124
17017  452  450  124
17040  486  485  124
17064  525  521  124
17087  560  562  124
17111  592  590  124
17134  620  623  124
17158  644  645  124
17181  665  666  124
17205  682  684  124
17229  695  693  124
17252  705  707  121
17276  710  713  121
17299  712  708  121
17323  710  708  121
17346  704  704  121
17370  695  694  121
17393  682  680  121
17417  665  662  121
17441  644  642  121
17464  620  618  121
17488  592  592  121
17511  560  557  121
17535  524  523  121
17558  487  485  121
17582  453  450  121
17605  422  420  121
17629  395  393  121
17652  372  369  121
17676  353  351  121
17700  337  336  121
17723  325  325  121
17747  317  315  121
17770  313  311  124
17794  311  311  124
17814  311  309  124
17841  312  308  124
17864  318  322  124
17888  327  322  124
17912  340  341  124
17935  357  358  124
17959  378  373  124
17982  402  403  124
18006  431  429  124
18029  462  462  124
18053  498  498  124
18076  537  537  124
18100  571  571  124
18123  602  602  124
18147  629  627  124
18171  652  655  124
18194  672  669  124
18218  687  687  124
18241  699  699  124
18265  707  701  124
18288  711  712  118
18312  711  715  118
18336  710  708  118
18359  708  703  118
18383  705  707  118
18406  700  701  118
18430  694  691  118
18453  687  691  118
18477  679  678  118
18500  670  666  118
18524  659  656  118
18547  647  645  118
18571  635  634  118
18594  622  620  118
18618  609  607  118
18642  596  596  118
18665  583  582  118
18689  570  570  118
18712  558  558  118
18736  545  544  118
18759  532  528  118
18783  519  515  118
18806  506  508  118
18830  493  490  124
18854  480  479  124
18877  467  468  124
18901  455  454  124
18924  442  440  124
18948  429  426  124
18971  416  414  124
18995  403  401  124
19018  390  386  124
19042  376  373  124
19065  364  364  124
19089  354  352  124
19113  344  340  124
19136  336  332  124
19160  329  329  124
19183  323  325  124
19207  318  313  124
19230  315  313  124
19254  313  315  124
19277  311  306  124
19301  312  312  124
19325  317  316  124
19348  325  320  123
19372  337  341  123
19395  352  348  123
19419  371  374  123
19442  395  394  123
19466  421  420  123
19489  452  451  123
19513  486  485  123
19536  525  523  123
19560  560  559  123
19584  592  592  123
19607  620  622  123
19631  644  644  123
19654  665  666  123
19678  682  683  123
19701  695  692  123
19725  705  706  123
19748  710  711  123
19772  712  708  123
19796  710  708  123
19819  704  705  123
19843  695  695  123
19866  682  679  124
19890  665  662  124
19913  644  642  124
19937  620  617  124
19960  592  592  124
19984  560  557  124