    17  504  504
   37  504  504
   53  504  504
   68  504  504
   84  504  504
  100  504  504
  115  504  504
  131  504  504
  147  504  504
  162  504  504
  178  504  504
  194  504  504
  210  504  504
  225  504  504
  241  504  504
  257  505  504
  272  505  503
  288  505  505
  304  505  505
  319  505  505
  335  505  505
  351  506  505
  366  506  506
  382  506  506
  398  506  506
  414  506  506
  429  507  507
  445  507  507
  461  507  507
  476  507  507
  492  507  507
  508  508  508
  524  508  508
  539  508  508
  555  508  508
  571  508  508
  586  509  509
  602  509  509
  618  509  509
  633  509  509
  649  509  509
  665  510  509
  681  510  510
  696  510  510
  712  510  510
  728  510  510
  743  511  512
  759  511  511
  775  511  510
  790  511  512
  806  511  512
  822  511  511
  838  511  511
  853  511  511
  869  511  512
  885  512  512
  900  512  512
  916  512  512
  932  511  512
  947  512  512
  963  512  512
  979  512  512
  995  512  510
 1010  512  512
 1026  512  512
 1042  512  512
 1057  512  512
 1073  512  512
 1089  512  512
 1104  512  511
 1120  512  511
 1136  512  511
 1151  512  511
 1167  512  510
 1183  512  508
 1199  512  509
 1214  512  510
 1230  512  510
 1246  512  509
 1261  512  509
 1277  512  509
 1293  512  510
 1309  512  509
 1324  512  509
 1340  512  510
 1356  512  510
 1371  512  511
 1387  512  511
 1403  512  511
 1418  512  511
 1434  512  510
 1450  512  510
 1466  512  510
 1481  512  510
 1497  512  510
 1513  512  510
 1528  512  510
 1544  512  510
 1560  512  510
 1575  512  509
 1591  512  510
 1607  512  510
 1623  512  510
 1638  512  511
 1654  512  511
 1670  512  510
 1685  512  511
 1701  512  510
 1717  512  510
 1732  512  510
 1748  512  511
 1764  512  511
 1780  512  511
 1795  512  511
 1811  512  511
 1827  512  512
 1842  512  512
 1858  512  512
 1874  512  511
 1889  512  511
 1905  512  511
 1921  512  509
 1937  512  510
 1952  512  512
 1968  512  511
 1984  512  511
 1999  512  511
 2015  512  511
 2031  512  511
 2046  512  511
 2062  512  511
 2078  512  511
 2094  512  511
 2109  512  511
 2125  512  511
 2141  512  511
 2156  512  511
 2172  512  511
 2188  512  511
 2203  512  511
 2219  512  511
 2235  512  511
 2250  512  510
 2266  512  511
 2282  512  511
 2298  512  511
 2313  512  511
 2329  512  511
 2345  512  511
 2360  512  511
 2376  512  511
 2392  512  511
 2408  512  511
 2423  512  511
 2439  512  511
 2455  512  511
 2470  512  511
 2486  512  511
 2502  512  511
 2517  512  511
 2533  512  511
 2549  512  511
 2565  512  511
 2580  512  511
 2596  512  511
 2612  512  511
 2627  512  511
 2643  512  511
 2659  512  511
 2674  512  511
 2690  512  511
 2706  512  511
 2721  512  511
 2737  512  511
 2753  512  511
 2768  512  511
 2784  512  510
 2800  512  511
 2816  512  511
 2831  512  511
 2847  512  511
 2863  512  511
 2879  512  511
 2894  512  511
 2910  512  511
 2926  512  509
 2941  512  511
 2957  512  511
 2976  512  511
 2996  512  511
 3012  512  511
 3028  513  511
 3043  513  511
 3059  515  512
 3075  516  512
 3090  518  513
 3106  519  514
 3122  522  517
 3138  524  517
 3153  526  520
 3169  530  522
 3185  532  524
 3200  536  526
 3216  540  529
 3232  543  531
 3248  547  536
 3263  551  538
 3279  555  542
 3295  559  546
 3310  563  550
 3326  567  553
 3342  571  558
 3357  575  561
 3373  579  565
 3389  583  569
 3404  588  574
 3420  592  578
 3436  596  582
 3452  600  587
 3467  604  592
 3483  608  595
 3499  612  601
 3514  616  604
 3530  620  608
 3546  624  611
 3561  629  616
 3577  633  620
 3593  637  625
 3608  641  628
 3624  645  632
 3640  649  637
 3656  653  641
 3671  657  646
 3687  661  649
 3703  665  654
 3719  669  657
 3734  673  662
 3750  677  665
 3766  680  671
 3781  683  674
 3797  686  677
 3813  688  681
 3828  691  684
 3844  693  687
 3860  694  690
 3876  696  693
 3891  697  695
 3907  698  696
 3923  699  698
 3938  700  699
 3954  699  699
 3970  699  699
 3985  699  699
 4001  699  698
 4017  698  699
 4033  697  699
 4048  696  699
 4064  694  699
 4080  692  699
 4095  691  698
 4111  688  696
 4127  686  695
 4142  683  694
 4158  680  693
 4174  677  690
 4189  673  689
 4205  669  685
 4221  665  683
 4237  661  679
 4252  657  675
 4268  653  671
 4284  649  667
 4299  645  664
 4315  641  661
 4331  637  655
 4346  633  652
 4362  629  647
 4378  625  643
 4394  621  638
 4409  617  635
 4425  613  630
 4441  609  627
 4456  605  622
 4472  601  618
 4488  597  613
 4503  593  610
 4519  589  605
 4535  585  601
 4551  581  597
 4566  577  593
 4582  573  589
 4598  569  585
 4613  565  580
 4629  561  576
 4645  557  571
 4661  553  567
 4676  549  563
 4692  545  560
 4708  541  556
 4723  537  551
 4739  534  547
 4755  530  544
 4770  527  540
 4786  525  536
 4802  522  531
 4818  520  530
 4833  519  526
 4849  517  522
 4865  515  520
 4880  514  517
 4896  513  515
 4912  512  514
 4927  512  512
 4943  512  511
 4959  512  511
 4974  513  511
 4990  515  511
 5006  518  511
 5022  521  512
 5037  525  515
 5053  531  518
 5069  536  522
 5084  543  525
 5100  551  530
 5116  559  536
 5131  568  542
 5147  577  548
 5163  588  556
 5179  599  564
 5194  612  573
 5210  623  582
 5226  633  594
 5241  643  605
 5257  652  616
 5273  660  627
 5288  668  637
 5304  675  647
 5320  681  655
 5336  685  664
 5351  690  670
 5367  693  675
 5383  696  683
 5398  698  687
 5414  699  692
 5430  699  695
 5445  699  698
 5461  698  699
 5477  696  699
 5493  693  699
 5508  690  699
 5524  685  696
 5540  680  695
 5555  675  692
 5571  668  691
 5587  661  685
 5603  652  681
 5618  643  675
 5634  633  667
 5650  623  662
 5665  611  653
 5681  601  643
 5697  589  632
 5712  579  621
 5728  569  612
 5744  560  601
 5759  552  590
 5775  544  580
 5791  538  571
 5807  532  561
 5822  526  553
 5838  522  545
 5854  518  538
 5869  516  531
 5885  514  526
 5901  513  522
 5916  512  517
 5944  511  512
 5964  511  511
 5979  511  510
 5995  512  509
 6011  512  510
 6026  514  511
 6042  515  511
 6058  517  512
 6073  519  513
 6089  521  515
 6105  523  517
 6121  526  520
 6136  529  518
 6152  531  523
 6168  535  526
 6183  539  528
 6199  543  530
 6215  547  534
 6231  551  538
 6246  555  541
 6262  559  545
 6278  563  549
 6293  567  553
 6309  571  557
 6325  575  561
 6340  579  565
 6356  583  570
 6372  588  574
 6388  592  578
 6403  596  582
 6419  600  587
 6435  604  591
 6450  608  595
 6466  612  599
 6482  616  604
 6497  620  608
 6513  624  611
 6529  629  616
 6544  633  620
 6560  637  625
 6576  641  628
 6592  645  632
 6607  649  637
 6623  653  641
 6639  657  646
 6654  661  648
 6670  665  654
 6686  669  657
 6702  673  663
 6717  677  666
 6733  680  670
 6749  683  674
 6764  686  676
 6780  688  681
 6796  691  683
 6811  693  687
 6827  695  691
 6843  696  693
 6858  697  695
 6874  698  698
 6890  699  699
 6906  700  699
 6921  700  700
 6937  699  700
 6953  699  700
 6968  699  699
 6984  698  699
 7000  697  700
 7016  696  699
 7031  694  699
 7047  692  699
 7063  691  699
 7078  688  698
 7094  686  698
 7110  683  694
 7125  680  693
 7141  677  692
 7157  673  689
 7173  669  685
 7188  665  683
 7204  661  679
 7220  657  675
 7235  653  673
 7251  649  668
 7267  645  664
 7282  641  661
 7298  637  655
 7314  633  652
 7329  629  647
 7345  625  643
 7361  621  639
 7376  617  635
 7392  613  630
 7408  609  627
 7424  605  622
 7439  601  619
 7455  597  613
 7471  593  610
 7486  589  606
 7502  585  601
 7518  581  597
 7534  577  593
 7549  573  589
 7565  569  585
 7581  565  580
 7596  561  576
 7612  557  572
 7628  553  567
 7644  549  564
 7659  545  560
 7675  541  556
 7691  537  551
 7706  534  549
 7722  530  544
 7738  527  540
 7753  525  534
 7769  522  531
 7785  520  528
 7800  519  526
 7816  517  521
 7832  515  520
 7848  514  518
 7863  513  515
 7879  512  514
 7895  512  512
 7910  512  511
 7926  512  511
 7942  513  511
 7958  515  511
 7973  518  511
 7989  521  513
 8005  525  517
 8020  531  518
 8036  536  521
 8052  543  525
 8067  551  530
 8083  559  536
 8099  568  541
 8114  577  548
 8130  588  556
 8146  599  564
 8162  612  573
 8177  623  582
 8193  633  594
 8209  643  605
 8224  652  616
 8240  660  627
 8256  668  637
 8271  675  647
 8287  681  655
 8303  685  663
 8319  690  670
 8334  693  675
 8350  696  682
 8366  698  687
 8381  699  692
 8397  699  695
 8413  699  698
 8429  698  699
 8444  696  699
 8460  693  699
 8476  690  699
 8491  685  698
 8507  680  694
 8523  675  693
 8538  668  690
 8554  661  685
 8570  652  681
 8586  643  674
 8601  633  666
 8617  623  661
 8633  611  653
 8648  601  643
 8664  589  632
 8680  579  622
 8695  569  611
 8711  560  601
 8727  552  591
 8743  544  580
 8758  538  571
 8774  532  561
 8790  526  553
 8805  522  546
 8821  518  537
 8837  516  532
 8852  514  526
 8868  513  522
 8884  512  520
 8912  511  512
 8931  511  511
 8946  511  510
 8962  512  509
 8978  512  510
 8994  514  511
 9009  515  512
 9025  517  512
 9041  519  513
 9056  521  516
 9072  523  516
 9088  526  518
 9104  529  521
 9119  531  523
 9135  535  525
 9151  539  528
 9166  543  530
 9182  547  534
 9198  551  538
 9213  555  541
 9229  559  545
 9245  563  549
 9261  567  553
 9276  571  557
 9292  575  560
 9308  579  565
 9323  583  570
 9339  588  573
 9355  592  578
 9371  596  582
 9386  600  586
 9402  604  591
 9418  608  596
 9433  612  601
 9449  616  604
 9465  620  608
 9480  624  611
 9496  629  616
 9512  633  619
 9527  637  625
 9543  641  628
 9559  645  632
 9575  649  637
 9590  653  641
 9606  657  646
 9622  661  648
 9637  665  654
 9653  669  657
 9669  673  662
 9684  677  665
 9700  680  671
 9716  683  674
 9732  686  677
 9747  688  681
 9763  691  684
 9779  693  687
 9794  695  690
 9810  696  694
 9826  697  695
 9842  698  696
 9857  699  699
 9873  700  699
 9889  700  699
 9904  699  700
 9920  699  700
 9936  699  699
 9951  698  700
 9967  697  699
 9983  696  700
 9999  694  699
10014  692  699
10030  691  699
10046  688  698
10061  686  695
10077  683  694
10093  680  693
10108  677  691
10124  673  687
10140  669  685
10156  665  683
10171  661  680
10187  657  675
10203  653  672
10218  649  668
10234  645  664
10250  641  661
10265  637  656
10281  633  652
10297  629  647
10312  625  643
10328  621  638
10344  617  635
10360  613  630
10375  609  627
10391  605  622
10407  601  619
10422  597  614
10438  593  610
10454  589  606
10469  585  601
10485  581  597
10501  577  593
10517  573  589
10532  569  585
10548  565  580
10564  561  576
10579  557  572
10595  553  567
10611  549  564
10626  545  560
10642  541  556
10658  537  554
10674  534  547
10689  530  544
10705  527  540
10721  525  536
10736  522  531
10752  520  528
10768  519  526
10783  517  522
10799  515  520
10815  514  517
10831  513  516
10846  512  514
10862  512  512
10878  512  513
10893  512  511
10909  513  511
10925  515  511
10940  518  511
10956  521  513
10972  525  515
10988  531  517
11003  536  521
11019  543  525
11035  551  530
11050  559  536
11066  568  541
11082  577  548
11097  588  556
11113  599  563
11129  612  572
11145  623  583
11160  633  593
11176  643  605
11192  652  616
11207  660  626
11223  668  637
11239  675  647
11254  681  655
11270  685  663
11286  690  668
11302  693  675
11317  696  683
11333  698  689
11349  699  692
11364  699  694
11380  699  698
11396  698  699
11411  696  699
11427  693  699
11443  690  699
11459  685  698
11474  680  696
11490  675  693
11506  668  690
11521  661  685
11537  652  681
11553  643  675
11568  633  668
11584  623  661
11600  611  653
11616  601  643
11631  589  632
11647  579  622
11663  569  611
11678  560  601
11694  552  591
11710  544  580
11726  538  571
11741  532  562
11757  526  553
11773  522  545
11788  518  538
11804  516  531
11820  514  526
11835  513  522
11851  512  517
11878  511  511
11898  511  511
11914  511  511
11929  512  510
11945  512  510
11961  514  510
11977  515  511
11992  517  512
12008  519  513
12024  521  515
12039  523  516
12055  526  518
12071  529  521
12087  531  523
12102  535  526
12118  539  528
12134  543  530
12149  547  532
12165  551  538
12181  555  541
12196  559  545
12212  563  549
12228  567  553
12244  571  557
12259  575  561
12275  579  565
12291  583  570
12306  588  574
12322  592  578
12338  596  582
12354  600  587
12369  604  591
12385  608  595
12401  612  601
12416  616  604
12432  620  607
12448  624  611
12463  629  616
12479  633  619
12495  637  625
12511  641  629
12526  645  632
12542  649  637
12558  653  641
12573  657  646
12589  661  649
12605  665  654
12620  669  658
12636  673  663
12652  677  665
12667  680  670
12683  683  673
12699  686  677
12714  688  682
12730  691  684
12746  693  687
12762  695  690
12777  696  693
12793  697  695
12809  698  698
12824  699  699
12840  700  699
12856  700  699
12872  699  699
12887  699  699
12903  699  700
12919  698  700
12934  697  700
12950  696  700
12966  694  699
12981  692  699
12997  691  699
13013  688  698
13029  686  696
13044  683  694
13060  680  693
13076  677  691
13091  673  689
13107  669  686
13123  665  683
13139  661  677
13154  657  675
13170  653  672
13186  649  668
13201  645  664
13217  641  662
13233  637  656
13248  633  652
13264  629  648
13280  625  644
13295  621  638
13311  617  635
13327  613  630
13343  609  627
13358  605  622
13374  601  619
13390  597  614
13405  593  610
13421  589  606
13437  585  602
13452  581  597
13468  577  593
13484  573  590
13500  569  585
13515  565  580
13531  561  576
13547  557  572
13562  553  567
13578  549  563
13594  545  560
13609  541  556
13625  537  551
13641  534  547
13657  530  544
13672  527  540
13688  525  536
13704  522  531
13719  520  529
13735  519  525
13751  517  522
13767  515  520
13782  514  517
13798  513  516
13814  512  514
13829  512  512
13845  512  511
13861  512  511
13876  513  511
13892  515  511
13908  518  511
13924  521  514
13939  525  515
13955  531  517
13971  536  521
13986  543  525
14002  551  530
14018  559  536
14033  568  541
14049  577  548
14065  588  555
14080  599  564
14096  612  573
14112  623  583
14128  633  594
14143  643  605
14159  652  616
14175  660  626
14190  668  636
14206  675  647
14222  681  655
14237  685  662
14253  690  670
14269  693  676
14285  696  683
14300  698  687
14316  699  692
14332  699  695
14347  699  698
14363  698  699
14379  696  698
14395  693  699
14410  690  699
14426  685  698
14442  680  695
14457  675  693
14473  668  690
14489  661  685
14504  652  681
14520  643  675
14536  633  668
14552  623  661
14567  611  652
14583  601  643
14599  589  631
14614  579  621
14630  569  611
14646  560  601
14661  552  590
14677  544  580
14693  538  570
14709  532  560
14724  526  554
14740  522  545
14756  518  538
14771  516  532
14787  514  526
14803  513  522
14818  512  517
14846  511  513
14865  511  511
14881  511  510
14897  512  509
14913  512  510
14928  514  511
14944  515  511
14960  517  512
14975  519  512
14991  521  515
15007  523  517
15022  526  518
15038  529  521
15054  531  523
15070  535  525
15085  539  528
15101  543  530
15117  547  534
15132  551  538
15148  555  542
15164  559  543
15180  563  548
15195  567  553
15211  571  559
15227  575  560
15242  579  565
15258  583  570
15274  588  574
15289  592  578
15305  596  582
15321  600  587
15336  604  592
15352  608  595
15368  612  599
15384  616  604
15399  620  608
15415  624  611
15431  629  616
15446  633  619
15462  637  625
15478  641  629
15494  645  632
15509  649  637
15525  653  641
15541  657  645
15556  661  649
15572  665  654
15588  669  658
15603  673  663
15619  677  665
15635  680  670
15650  683  673
15666  686  677
15682  688  681
15698  691  684
15713  693  689
15729  695  690
15745  696  693
15760  697  695
15776  698  698
15792  699  699
15807  700  699
15823  700  698
15839  699  700
15855  699  700
15870  699  700
15886  698  700
15902  697  700
15917  696  699
15933  694  699
15949  692  700
15965  691  699
15980  688  698
15996  686  695
16012  683  694
16027  680  693
16043  677  691
16059  673  689
16074  669  686
16090  665  683
16106  661  679
16122  657  675
16137  653  672
16153  649  668
16169  645  664
16184  641  661
16200  637  656
16216  633  652
16231  629  647
16247  625  643
16263  621  638
16278  617  635
16294  613  631
16310  609  627
16326  605  622
16341  601  619
16357  597  614
16373  593  610
16388  589  606
16404  585  599
16420  581  597
16435  577  593
16451  573  589
16467  569  583
16482  565  580
16498  561  576
16514  557  572
16530  553  567
16545  549  564
16561  545  560
16577  541  556
16592  537  551
16608  534  547
16624  530  544
16640  527  540
16655  525  536
16671  522  532
16687  520  528
16702  519  525
16718  517  522
16734  515  520
16749  514  518
16765  513  516
16781  512  514
16797  512  512
16812  512  513
16828  512  511
16844  513  511
16859  515  511
16875  518  512
16891  521  512
16907  525  515
16922  531  517
16938  536  521
16954  543  525
16969  551  530
16985  559  536
17001  568  541
17016  577  548
17032  588  556
17048  599  563
17063  612  573
17079  623  582
17095  633  594
17111  643  605
17126  652  616
17142  660  627
17158  668  637
17173  675  647
17189  681  655
17205  685  663
17220  690  670
17236  693  675
17252  696  681
17268  698  689
17283  699  692
17299  699  695
17315  699  698
17330  698  699
17346  696  699
17362  693  699
17378  690  699
17393  685  698
17409  680  695
17425  675  693
17440  668  690
17456  661  685
17472  652  681
17487  643  675
17503  633  668
17519  623  661
17535  611  653
17550  601  643
17566  589  631
17582  579  622
17597  569  611
17613  560  601
17629  552  591
17644  544  580
17660  538  571
17676  532  561
17692  526  554
17707  522  545
17723  518  538
17739  516  531
17754  514  527
17770  513  522
17786  512  518
17813  511  512
17833  511  511
17848  511  510
17864  512  509
17880  512  510
17896  514  511
17911  515  512
17927  517  512
17943  519  513
17958  521  515
17974  523  516
17990  526  518
18005  529  521
18021  531  523
18037  535  525
18053  539  528
18068  543  530
18084  547  534
18100  551  538
18115  555  542
18131  559  545
18147  563  549
18162  567  553
18178  571  557
18194  575  561
18210  579  566
18225  583  567
18241  588  574
18257  592  578
18272  596  582
18288  600  587
18304  604  591
18319  608  595
18335  612  601
18351  616  604
18367  620  608
18382  624  611
18398  629  616
18414  633  619
18429  637  623
18445  641  629
18461  645  632
18477  649  637
18492  653  641
18508  657  646
18524  661  649
18539  665  654
18555  669  658
18571  673  663
18586  677  665
18602  680  670
18618  683  674
18633  686  677
18649  688  681
18665  691  684
18680  693  687
18696  695  691
18712  696  693
18728  697  695
18743  698  698
18759  699  699
18775  700  699
18790  700  700
18806  699  700
18822  699  700
18838  699  700
18853  698  700
18869  697  701
18885  696  699
18900  694  699
18916  692  699
18932  691  699
18948  688  698
18963  686  696
18979  683  694
18995  680  693
19010  677  691
19026  673  689
19042  669  686
19057  665  683
19073  661  680
19089  657  675
19105  653  672
19120  649  668
19136  645  665
19152  641  661
19167  637  656
19183  633  652
19199  629  647
19214  625  643
19230  621  638
19246  617  635
19261  613  631
19277  609  627
19293  605  622
19309  601  619
19324  597  614
19340  593  610
19356  589  607
19371  585  602
19387  581  597
19403  577  593
19418  573  589
19434  569  585
19450  565  580
19466  561  576
19481  557  572
19497  553  569
19513  549  564
19528  545  560
19544  541  556
19560  537  550
19575  534  548
19591  530  544
19607  527  540
19623  525  536
19638  522  531
19654  520  529
19670  519  526
19685  517  522
19701  515  522
19717  514  518
19732  513  516
19748  512  514
19764  512  512
19780  512  511
19795  512  511
19811  513  511
19827  515  511
19842  518  511
19858  521  512
19874  525  515
19890  531  517
19905  536  521
19921  543  526
19937  551  530
19952  559  534
19968  568  540
19984  577  549
19999  588  556