   14  537  538  126
   43  536  535  126
   66  536  535  126
   90  536  536  126
  113  536  535  126
  137  535  535  126
  160  535  534  126
  184  534  533  126
  207  534  532  126
  231  533  532  126
  254  532  531  126
  278  532  531  126
  302  531  530  126
  325  530  531  126
  349  530  528  126
  372  529  528  126
  396  528  527  126
  419  527  527  126
  443  527  525  126
  467  526  524  126
  490  525  524  126
  514  524  523  126
  537  524  523  126
  561  523  521  126
  584  522  521  126
  608  521  521  124
  631  521  519  124
  655  520  519  124
  678  519  519  124
  702  518  518  124
  726  518  516  124
  749  516  515  124
  773  515  514  124
  796  515  514  124
  820  514  513  124
  843  514  513  124
  867  513  512  124
  890  513  512  124
  914  513  513  124
  937  512  513  124
  961  512  511  124
  985  512  511  124
 1008  512  511  124
 1032  512  511  124
 1055  512  511  124
 1079  512  511  124
 1102  512  511  124
 1126  512  510  124
 1149  512  511  124
 1173  512  511  124
 1196  512  511  124
 1220  512  511  124
 1244  512  511  124
 1267  512  511  124
 1291  512  511  124
 1314  512  511  124
 1338  512  511  124
 1361  512  511  124
 1385  512  511  124
 1408  512  511  124
 1432  512  511  124
 1456  512  513  124
 1479  512  511  124
 1503  512  511  124
 1526  512  511  124
 1550  512  511  124
 1573  512  511  124
 1597  512  511  124
 1620  512  511  124
 1644  512  511  124
 1668  512  511  124
 1691  512  511  124
 1715  512  511  124
 1738  512  511  124
 1762  512  511  124
 1785  512  511  124
 1809  512  511  124
 1832  512  511  124
 1856  512  511  124
 1879  512  511  124
 1903  512  511  124
 1927  512  511  124
 1950  512  511  124
 1974  512  511  124
 1997  512  511  124
 2021  512  511  124
 2044  512  511  124
 2068  512  511  124
 2091  512  511  124
 2115  512  511  124
 2138  512  511  124
 2162  512  511  124
 2186  512  511  124
 2209  512  511  124
 2233  512  511  124
 2256  512  511  124
 2280  512  511  124
 2303  512  511  124
 2327  512  511  124
 2350  512  511  124
 2374  512  511  124
 2398  512  511  124
 2421  512  511  124
 2445  512  511  124
 2468  512  512  124
 2492  512  511  124
 2515  512  511  124
 2539  512  512  124
 2562  512  511  124
 2586  512  511  124
 2610  512  511  124
 2633  512  511  124
 2657  512  513  124
 2680  512  511  124
 2704  512  511  113
 2727  512  511  113
 2751  512  511  113
 2774  512  511  113
 2798  512  511  113
 2821  512  511  113
 2845  512  511  113
 2869  512  511  113
 2892  512  511  113
 2916  512  511  113
 2939  512  511  113
 2975  512  511  113
 3002  512  511  113
 3026  515  515  113
 3049  520  518  113
 3073  526  526  113
 3096  535  534  113
 3120  545  544  113
 3143  557  556  113
 3167  571  569  113
 3190  587  586  113
 3214  605  604  124
 3238  625  624  124
 3261  642  639  124
 3285  657  656  124
 3308  670  669  124
 3332  682  681  124
 3355  692  692  124
 3379  700  697  124
 3402  706  705  124
 3426  709  710  124
 3449  712  710  124
 3473  711  711  124
 3497  710  708  124
 3520  708  708  124
 3544  705  704  124
 3567  700  700  124
 3591  694  692  124
 3614  687  686  124
 3638  679  678  124
 3662  670  670  124
 3685  659  657  124
 3709  647  647  124
 3732  635  634  124
 3756  622  621  124
 3779  609  608  124
 3803  596  596  124
 3826  583  584  124
 3850  570  570  124
 3873  558  557  124
 3897  545  544  124
 3920  532  532  124
 3944  519  520  124
 3968  506  505  124
 3991  493  491  124
 4015  480  481  124
 4038  467  467  124
 4062  455  455  124
 4085  442  441  124
 4109  429  429  124
 4132  416  414  124
 4156  403  403  124
 4179  390  390  124
 4203  376  375  124
 4227  364  363  124
 4250  354  352  124
 4274  344  343  124
 4297  336  333  124
 4321  329  330  124
 4344  323  323  124
 4368  318  315  124
 4391  315  315  124
 4415  313  310  124
 4439  311  312  124
 4462  312  310  124
 4486  317  316  124
 4509  325  323  124
 4533  337  335  124
 4556  352  351  124
 4580  371  370  124
 4603  395  393  124
 4627  421  420  124
 4651  452  449  124
 4674  486  484  124
 4698  525  522  124
 4721  560  560  124
 4745  592  587  124
 4768  620  620  124
 4792  644  643  124
 4815  665  664  124
 4839  682  681  124
 4862  695  693  124
 4886  705  705  124
 4910  710  707  124
 4933  712  712  124
 4957  710  709  124
 4980  704  703  124
 5004  695  696  124
 5027  682  681  124
 5051  665  664  124
 5074  644  643  124
 5098  620  619  124
 5121  592  592  124
 5145  560  559  124
 5169  524  524  124
 5192  487  489  124
 5216  453  452  124
 5239  422  421  124
 5263  395  394  124
 5286  372  371  124
 5310  353  351  124
 5334  337  335  124
 5357  325  324  124
 5381  317  316  124
 5404  313  311  124
 5428  311  311  124
 5448  311  309  124
 5475  312  311  124
 5498  318  318  124
 5522  327  325  124
 5545  340  340  124
 5569  357  355  124
 5593  378  378  124
 5616  402  400  124
 5640  431  428  124
 5663  462  459  124
 5687  498  494  124
 5710  537  534  124
 5734  571  570  124
 5757  602  599  124
 5781  629  626  124
 5804  652  651  124
 5828  672  669  124
 5852  687  685  124
 5875  699  697  124
 5899  707  706  124
 5922  711  711  124
 5946  711  711  124
 5969  710  709  124
 5993  708  708  124
 6016  705  704  124
 6040  700  699  124
 6063  694  692  124
 6087  687  688  124
 6111  679  678  124
 6134  670  670  124
 6158  659  657  124
 6181  647  647  124
 6205  635  634  124
 6228  622  621  124
 6252  609  609  124
 6276  596  596  124
 6299  583  583  124
 6323  570  570  124
 6346  558  557  124
 6370  545  544  120
 6393  532  531  120
 6417  519  518  120
 6440  506  505  120
 6464  493  490  120
 6487  480  480  120
 6511  467  469  120
 6535  455  455  120
 6558  442  441  120
 6582  429  428  120
 6605  416  414  120
 6629  403  402  120
 6652  390  390  120
 6676  376  376  120
 6699  364  363  120
 6723  354  354  120
 6746  344  342  120
 6770  336  333  120
 6794  329  329  120
 6817  323  323  120
 6841  318  315  120
 6864  315  315  120
 6888  313  310  124
 6911  311  311  124
 6935  312  311  124
 6958  317  319  124
 6982  325  323  124
 7005  337  335  124
 7029  352  351  124
 7053  371  369  124
 7076  395  394  124
 7100  421  420  124
 7123  452  449  124
 7147  486  484  124
 7170  525  521  124
 7194  560  560  124
 7218  592  589  124
 7241  620  620  124
 7265  644  644  124
 7288  665  666  124
 7312  682  681  124
 7335  695  693  124
 7359  705  706  124
 7382  710  707  124
 7406  712  713  124
 7429  710  709  124
 7453  704  703  124
 7477  695  696  124
 7500  682  681  124
 7524  665  666  124
 7547  644  643  124
 7571  620  620  124
 7594  592  594  124
 7618  560  560  124
 7641  524  526  124
 7665  487  488  124
 7688  453  452  124
 7712  422  420  124
 7736  395  394  124
 7759  372  371  124
 7783  353  351  124
 7806  337  336  124
 7830  325  323  124
 7853  317  315  124
 7877  313  311  124
 7900  311  311  124
 7920  311  309  124
 7947  312  311  126
 7971  318  315  126
 7995  327  324  126
 8018  340  339  126
 8042  357  355  126
 8065  378  376  126
 8089  402  401  126
 8112  431  428  126
 8136  462  460  126
 8160  498  495  126
 8183  537  535  126
 8207  571  569  126
 8230  602  599  126
 8254  629  627  126
 8277  652  651  126
 8301  672  670  126
 8324  687  685  126
 8348  699  697  126
 8371  707  705  126
 8395  711  711  126
 8419  711  711  126
 8442  710  709  126
 8466  708  709  124
 8489  705  704  124
 8513  700  699  124
 8536  694  693  124
 8560  687  687  124
 8583  679  678  124
 8607  670  670  124
 8630  659  657  124
 8654  647  647  124
 8678  635  634  124
 8701  622  621  124
 8725  609  608  124
 8748  596  596  124
 8772  583  583  124
 8795  570  570  124
 8819  558  557  124
 8843  545  544  124
 8866  532  531  124
 8890  519  516  124
 8913  506  505  124
 8937  493  491  124
 8960  480  482  124
 8984  467  467  124
 9007  455  455  124
 9031  442  441  124
 9054  429  428  124
 9078  416  414  124
 9101  403  402  124
 9125  390  390  124
 9149  376  376  124
 9172  364  363  124
 9196  354  355  124
 9219  344  343  124
 9243  336  334  124
 9266  329  330  124
 9290  323  323  124
 9313  318  315  124
 9337  315  316  124
 9361  313  310  124
 9384  311  312  124
 9408  312  310  124
 9431  317  316  124
 9455  325  323  124
 9478  337  335  124
 9502  352  351  124
 9525  371  371  124
 9549  395  393  124
 9572  421  420  124
 9596  452  449  124
 9620  486  484  124
 9643  525  521  124
 9667  560  559  124
 9690  592  589  124
 9714  620  620  124
 9737  644  643  124
 9761  665  666  124
 9785  682  681  124
 9808  695  693  124
 9832  705  705  124
 9855  710  708  124
 9879  712  712  124
 9902  710  709  124
 9926  704  703  124
 9949  695  696  124
 9973  682  681  124
 9996  665  666  124
10020  644  644  124
10044  620  620  124
10067  592  594  124
10091  560  559  124
10114  524  525  124
10138  487  490  124
10161  453  453  124
10185  422  422  124
10208  395  395  124
10232  372  372  124
10255  353  352  124
10279  337  336  124
10302  325  324  124
10326  317  316  124
10350  313  312  124
10373  311  312  124
10393  311  310  124
10420  312  310  124
10444  318  318  124
10467  327  325  124
10491  340  340  124
10514  357  355  124
10538  378  376  124
10562  402  401  123
10585  431  428  123
10609  462  461  123
10632  498  493  123
10656  537  535  123
10679  571  570  123
10703  602  599  123
10726  629  629  123
10750  652  651  123
10774  672  671  123
10797  687  685  123
10821  699  697  123
10844  707  706  123
10868  711  711  123
10891  711  711  123
10915  710  709  123
10938  708  708  123
10962  705  704  123
10986  700  699  123
11009  694  693  123
11033  687  687  123
11056  679  676  123
11080  670  670  124
11103  659  657  124
11127  647  647  124
11150  635  635  124
11174  622  621  124
11197  609  610  124
11221  596  596  124
11245  583  582  124
11268  570  570  124
11292  558  557  124
11315  545  544  124
11339  532  531  124
11362  519  518  124
11386  506  505  124
11409  493  491  124
11433  480  480  124
11456  467  467  124
11480  455  454  124
11504  442  441  124
11527  429  428  124
11551  416  414  124
11574  403  402  124
11598  390  389  124
11621  376  375  124
11645  364  363  124
11668  354  353  124
11692  344  343  124
11716  336  334  124
11739  329  330  124
11763  323  323  124
11786  318  314  124
11810  315  316  124
11833  313  309  124
11857  311  312  124
11880  312  309  124
11904  317  316  124
11927  325  324  124
11951  337  335  124
11975  352  350  124
11998  371  369  124
12022  395  392  124
12045  421  419  124
12069  452  448  124
12092  486  481  124
12116  525  522  124
12139  560  559  124
12163  592  590  124
12186  620  620  124
12210  644  644  124
12234  665  666  124
12257  682  682  124
12281  695  694  124
12304  705  706  124
12328  710  707  124
12351  712  712  124
12375  710  709  124
12399  704  703  124
12422  695  696  124
12446  682  681  124
12469  665  664  124
12493  644  643  124
12516  620  619  124
12540  592  594  124
12563  560  559  124
12587  524  524  124
12610  487  488  124
12634  453  453  124
12658  422  422  124
12681  395  395  124
12705  372  372  124
12728  353  352  124
12752  337  336  124
12775  325  324  124
12799  317  318  124
12822  313  311  124
12846  311  311  124
12866  311  309  124
12893  312  311  124
12917  318  318  124
12940  327  325  124
12964  340  339  124
12987  357  354  124
13011  378  376  124
13034  402  401  124
13058  431  429  124
13081  462  461  124
13105  498  495  124
13128  537  536  124
13152  571  570  124
13176  602  600  121
13199  629  627  121
13223  652  651  121
13246  672  670  121
13270  687  686  121
13293  699  698  121
13317  707  707  121
13341  711  711  121
13364  711  711  121
13388  710  710  121
13411  708  707  121
13435  705  704  121
13458  700  699  121
13482  694  693  121
13505  687  688  121
13529  679  678  121
13552  670  670  121
13576  659  657  121
13600  647  647  121
13623  635  635  121
13647  622  621  121
13670  609  609  121
13694  596  596  124
13717  583  583  124
13741  570  570  124
13764  558  559  124
13788  545  545  124
13811  532  532  124
13835  519  519  124
13859  506  505  124
13882  493  492  124
13906  480  480  124
13929  467  467  124
13953  455  454  124
13976  442  441  124
14000  429  428  124
14023  416  414  124
14047  403  402  124
14070  390  390  124
14094  376  376  124
14118  364  363  124
14141  354  353  124
14165  344  342  124
14188  336  334  124
14212  329  329  124
14235  323  323  124
14259  318  315  124
14283  315  316  124
14306  313  310  124
14330  311  312  124
14353  312  309  124
14377  317  316  124
14400  325  323  124
14424  337  335  124
14447  352  351  124
14471  371  369  124
14494  395  394  124
14518  421  419  124
14542  452  449  124
14565  486  482  124
14589  525  521  124
14612  560  558  124
14636  592  589  124
14659  620  620  124
14683  644  642  124
14706  665  666  124
14730  682  680  124
14753  695  694  121
14777  705  705  121
14801  710  707  121
14824  712  713  121
14848  710  708  121
14871  704  701  121
14895  695  696  121
14918  682  681  121
14942  665  664  121
14965  644  643  121
14989  620  619  121
15012  592  593  121
15036  560  559  121
15060  524  524  121
15083  487  488  121
15107  453  452  121
15130  422  421  121
15154  395  394  121
15177  372  371  121
15201  353  351  121
15225  337  334  121
15248  325  324  121
15272  317  316  124
15295  313  311  124
15319  311  311  124
15339  311  310  124
15366  312  310  124
15389  318  318  124
15413  327  325  124
15437  340  339  124
15460  357  354  124
15484  378  376  124
15507  402  400  124
15531  431  428  124
15554  462  460  124
15578  498  494  124
15601  537  534  124
15625  571  570  124
15648  602  599  124
15672  629  627  124
15696  652  650  124
15719  672  671  124
15743  687  685  124
15766  699  697  124
15790  707  706  124
15813  711  710  124
15837  711  711  124
15860  710  710  124
15884  708  708  124
15907  705  704  124
15931  700  699  124
15954  694  692  124
15978  687  688  124
16002  679  678  124
16025  670  670  124
16049  659  657  124
16072  647  647  124
16096  635  634  124
16119  622  621  124
16143  609  608  124
16167  596  596  124
16190  583  582  124
16214  570  569  124
16237  558  557  124
16261  545  544  124
16284  532  531  124
16308  519  519  124
16331  506  505  124
16355  493  492  124
16378  480  481  124
16402  467  468  124
16426  455  455  124
16449  442  441  124
16473  429  428  124
16496  416  414  124
16520  403  401  124
16543  390  390  124
16567  376  376  124
16590  364  363  124
16614  354  355  124
16637  344  343  124
16661  336  333  124
16685  329  330  124
16708  323  322  124
16732  318  315  124
16755  315  315  124
16779  313  310  124
16802  311  311  124
16826  312  311  124
16849  317  316  124
16873  325  323  124
16896  337  335  124
16920  352  351  124
16944  371  370  124
16967  395  393  124
16991  421  420  124
17014  452  449  124
17038  486  484  124
17061  525  521  124
17085  560  559  124
17109  592  589  124
17132  620  620  124
17156  644  643  124
17179  665  664  124
17203  682  681  124
17226  695  694  124
17250  705  705  124
17273  710  707  124
17297  712  712  124
17320  710  709  124
17344  704  703  124
17368  695  696  124
17391  682  681  124
17415  665  666  124
17438  644  644  124
17462  620  620  124
17485  592  594  124
17509  560  560  124
17532  524  524  124
17556  487  488  124
17579  453  452  124
17603  422  421  124
17627  395  394  124
17650  372  371  124
17674  353  351  124
17697  337  336  124
17721  325  323  124
17744  317  316  124
17768  313  313  124
17791  311  311  124
17811  311  310  124
17838  312  310  124
17862  318  318  124
17886  327  326  121
17909  340  339  121
17933  357  355  121
17956  378  376  121
17980  402  400  121
18003  431  428  121
18027  462  460  121
18051  498  493  121
18074  537  534  121
18098  571  569  121
18121  602  599  121
18145  629  627  121
18168  652  651  121
18192  672  670  121
18215  687  685  121
18239  699  697  121
18262  707  706  121
18286  711  711  121
18310  711  711  121
18333  710  709  121
18357  708  708  121
18380  705  704  121
18404  700  701  121
18427  694  692  121
18451  687  687  121
18474  679  678  121
18498  670  670  121
18521  659  657  121
18545  647  646  121
18569  635  634  121
18592  622  620  121
18616  609  608  121
18639  596  596  121
18663  583  583  121
18686  570  569  121
18710  558  557  121
18734  545  544  121
18757  532  531  121
18781  519  518  121
18804  506  504  121
18828  493  491  121
18851  480  480  121
18875  467  467  121
18898  455  455  121
18922  442  441  121
18945  429  428  123
18969  416  414  123
18992  403  402  123
19016  390  390  123
19040  376  376  123
19063  364  363  123
19087  354  354  123
19110  344  343  123
19134  336  334  123
19157  329  330  123
19181  323  323  123
19204  318  315  123
19228  315  315  123
19252  313  310  123
19275  311  312  123
19299  312  310  123
19322  317  316  123
19346  325  322  123
19369  337  335  123
19393  352  351  123
19416  371  370  123
19440  395  393  123
19463  421  420  124
19487  452  449  124
19511  486  484  124
19534  525  522  124
19558  560  559  124
19581  592  589  124
19605  620  620  124
19628  644  643  124
19652  665  666  124
19675  682  681  124
19699  695  695  124
19723  705  705  124
19746  710  707  124
19770  712  713  124
19793  710  708  124
19817  704  703  124
19840  695  695  124
19864  682  681  124
19887  665  666  124
19911  644  645  124
19934  620  620  124
19958  592  593  124
19982  560  560  124
