    10  505  505
   30  505  504
   46  505  504
   61  505  504
   77  505  504
   93  505  504
  108  505  504
  124  505  504
  140  505  504
  156  505  504
  171  505  504
  187  505  504
  203  505  504
  218  505  504
  234  505  505
  250  506  505
  265  506  506
  281  506  506
  297  506  507
  313  506  507
  328  506  506
  344  506  506
  360  507  507
  375  507  507
  391  507  507
  407  507  507
  423  507  508
  438  507  508
  454  508  508
  470  508  508
  485  508  508
  501  508  508
  517  508  509
  532  508  509
  548  509  509
  564  509  509
  580  509  509
  595  509  509
  611  509  509
  627  509  509
  642  510  509
  658  510  510
  674  510  510
  689  510  510
  705  510  510
  721  510  511
  737  511  511
  752  511  511
  768  511  511
  784  511  511
  799  511  511
  815  511  511
  831  511  511
  846  511  511
  862  511  511
  878  512  511
  893  512  512
  909  512  512
  925  511  512
  941  512  512
  956  512  512
  972  512  512
  988  512  512
 1003  512  512
 1019  512  512
 1035  512  512
 1050  512  512
 1066  512  512
 1082  512  512
 1098  512  512
 1113  512  512
 1129  512  511
 1145  512  511
 1160  512  510
 1176  512  508
 1192  512  509
 1208  512  510
 1223  512  510
 1239  512  509
 1255  512  509
 1270  512  510
 1286  512  509
 1302  512  509
 1317  512  510
 1333  512  510
 1349  512  509
 1365  512  511
 1380  512  511
 1396  512  511
 1412  512  510
 1427  512  510
 1443  512  510
 1459  512  509
 1475  512  509
 1490  512  509
 1506  512  509
 1522  512  509
 1537  512  509
 1553  512  509
 1569  512  509
 1584  512  510
 1600  512  510
 1616  512  511
 1631  512  511
 1647  512  511
 1663  512  510
 1678  512  511
 1694  512  510
 1710  512  510
 1726  512  510
 1741  512  510
 1757  512  511
 1773  512  511
 1788  512  511
 1804  512  511
 1820  512  511
 1835  512  512
 1851  512  512
 1867  512  511
 1883  512  510
 1898  512  511
 1914  512  509
 1930  512  510
 1945  512  511
 1961  512  512
 1977  512  511
 1993  512  511
 2008  512  511
 2024  512  511
 2040  512  511
 2055  512  511
 2071  512  510
 2087  512  511
 2102  512  511
 2118  512  511
 2134  512  511
 2149  512  511
 2165  512  511
 2181  512  509
 2197  512  511
 2212  512  511
 2228  512  511
 2244  512  511
 2259  512  511
 2275  512  511
 2291  512  511
 2307  512  511
 2322  512  511
 2338  512  511
 2354  512  511
 2369  512  511
 2385  512  511
 2401  512  511
 2416  512  511
 2432  512  511
 2448  512  511
 2463  512  511
 2479  512  511
 2495  512  511
 2511  512  511
 2526  512  511
 2542  512  512
 2558  512  511
 2573  512  511
 2589  512  511
 2605  512  511
 2620  512  511
 2636  512  511
 2652  512  511
 2668  512  511
 2683  512  511
 2699  512  511
 2715  512  510
 2730  512  511
 2746  512  511
 2762  512  511
 2778  512  512
 2793  512  511
 2809  512  511
 2825  512  510
 2840  512  511
 2856  512  511
 2872  512  511
 2887  512  511
 2903  512  512
 2919  512  510
 2935  512  511
 2950  512  511
 2970  512  511
 2989  512  511
 3005  512  510
 3021  513  511
 3037  513  511
 3052  515  512
 3068  516  514
 3084  518  516
 3099  519  518
 3115  522  520
 3131  524  521
 3147  526  523
 3162  530  526
 3178  532  530
 3194  536  532
 3209  540  537
 3225  543  541
 3241  547  544
 3256  551  547
 3272  555  551
 3288  559  555
 3303  563  560
 3319  567  564
 3335  571  569
 3350  575  572
 3366  579  575
 3382  583  580
 3398  588  585
 3413  592  589
 3429  596  593
 3445  600  597
 3460  604  601
 3476  608  605
 3492  612  609
 3508  616  612
 3523  620  617
 3539  624  621
 3555  629  626
 3570  633  630
 3586  637  635
 3602  641  638
 3617  645  643
 3633  649  646
 3649  653  649
 3665  657  655
 3680  661  658
 3696  665  663
 3712  669  666
 3727  673  670
 3743  677  674
 3759  680  679
 3775  683  682
 3790  686  684
 3806  688  686
 3822  691  689
 3837  693  692
 3853  694  693
 3869  696  695
 3884  697  696
 3900  698  698
 3916  699  698
 3932  700  699
 3947  699  698
 3963  699  699
 3979  699  699
 3994  699  698
 4010  698  699
 4026  697  698
 4041  696  698
 4057  694  696
 4073  692  695
 4088  691  692
 4104  688  690
 4120  686  686
 4136  683  685
 4151  680  683
 4167  677  680
 4183  673  676
 4198  669  672
 4214  665  668
 4230  661  664
 4245  657  661
 4261  653  655
 4277  649  652
 4293  645  648
 4308  641  644
 4324  637  639
 4340  633  636
 4355  629  632
 4371  625  628
 4387  621  625
 4402  617  620
 4418  613  616
 4434  609  611
 4450  605  608
 4465  601  604
 4481  597  601
 4497  593  595
 4512  589  591
 4528  585  588
 4544  581  582
 4559  577  579
 4575  573  575
 4591  569  571
 4607  565  567
 4622  561  563
 4638  557  559
 4654  553  555
 4669  549  550
 4685  545  547
 4701  541  543
 4717  537  539
 4732  534  534
 4748  530  531
 4764  527  528
 4779  525  525
 4795  522  522
 4811  520  520
 4826  519  518
 4842  517  516
 4858  515  515
 4873  514  513
 4889  513  512
 4905  512  512
 4921  512  511
 4936  512  511
 4952  512  511
 4968  513  511
 4983  515  511
 4999  518  514
 5015  521  517
 5030  525  521
 5046  531  526
 5062  536  530
 5078  543  538
 5093  551  543
 5109  559  551
 5125  568  560
 5140  577  569
 5156  588  579
 5172  599  590
 5187  612  601
 5203  623  614
 5219  633  626
 5235  643  636
 5250  652  647
 5266  660  654
 5282  668  663
 5297  675  670
 5313  681  676
 5329  685  683
 5345  690  687
 5360  693  692
 5376  696  695
 5392  698  698
 5407  699  700
 5423  699  700
 5439  699  699
 5454  698  698
 5470  696  699
 5486  693  695
 5502  690  693
 5517  685  690
 5533  680  685
 5549  675  681
 5564  668  675
 5580  661  667
 5596  652  661
 5611  643  650
 5627  633  641
 5643  623  631
 5658  611  621
 5674  601  609
 5690  589  598
 5706  579  586
 5721  569  576
 5737  560  564
 5753  552  556
 5768  544  548
 5784  538  541
 5800  532  534
 5815  526  528
 5831  522  523
 5847  518  518
 5863  516  515
 5878  514  513
 5894  513  512
 5910  512  512
 5937  511  510
 5957  511  509
 5972  511  509
 5988  512  510
 6004  512  510
 6020  514  512
 6035  515  513
 6051  517  515
 6067  519  517
 6082  521  518
 6098  523  521
 6114  526  523
 6130  529  526
 6145  531  529
 6161  535  531
 6177  539  536
 6192  543  540
 6208  547  543
 6224  551  547
 6239  555  551
 6255  559  556
 6271  563  559
 6287  567  563
 6302  571  567
 6318  575  572
 6334  579  575
 6349  583  580
 6365  588  585
 6381  592  589
 6396  596  593
 6412  600  597
 6428  604  602
 6443  608  605
 6459  612  608
 6475  616  612
 6491  620  617
 6506  624  621
 6522  629  625
 6538  633  630
 6553  637  634
 6569  641  638
 6585  645  643
 6600  649  647
 6616  653  649
 6632  657  654
 6648  661  656
 6663  665  663
 6679  669  666
 6695  673  671
 6710  677  675
 6726  680  679
 6742  683  681
 6757  686  683
 6773  688  687
 6789  691  690
 6805  693  692
 6820  695  694
 6836  696  695
 6852  697  696
 6867  698  698
 6883  699  698
 6899  700  699
 6914  700  699
 6930  699  700
 6946  699  699
 6962  699  699
 6977  698  699
 6993  697  699
 7009  696  696
 7024  694  694
 7040  692  695
 7056  691  693
 7072  688  690
 7087  686  687
 7103  683  685
 7119  680  683
 7134  677  680
 7150  673  676
 7166  669  672
 7181  665  670
 7197  661  665
 7213  657  659
 7228  653  655
 7244  649  652
 7260  645  648
 7276  641  644
 7291  637  640
 7307  633  636
 7323  629  632
 7338  625  628
 7354  621  623
 7370  617  619
 7385  613  616
 7401  609  612
 7417  605  608
 7433  601  604
 7448  597  599
 7464  593  595
 7480  589  591
 7495  585  587
 7511  581  583
 7527  577  579
 7543  573  575
 7558  569  571
 7574  565  567
 7590  561  563
 7605  557  559
 7621  553  555
 7637  549  551
 7652  545  548
 7668  541  545
 7684  537  538
 7700  534  534
 7715  530  531
 7731  527  528
 7747  525  525
 7762  522  522
 7778  520  520
 7794  519  518
 7809  517  516
 7825  515  515
 7841  514  513
 7856  513  512
 7872  512  512
 7888  512  511
 7904  512  511
 7919  512  511
 7935  513  511
 7951  515  512
 7966  518  514
 7982  521  517
 7998  525  521
 8013  531  526
 8029  536  530
 8045  543  538
 8061  551  545
 8076  559  551
 8092  568  560
 8108  577  569
 8123  588  578
 8139  599  590
 8155  612  602
 8171  623  614
 8186  633  626
 8202  643  636
 8218  652  647
 8233  660  655
 8249  668  663
 8265  675  670
 8280  681  676
 8296  685  683
 8312  690  687
 8327  693  692
 8343  696  694
 8359  698  698
 8375  699  700
 8390  699  699
 8406  699  699
 8422  698  699
 8437  696  699
 8453  693  696
 8469  690  694
 8484  685  691
 8500  680  685
 8516  675  680
 8532  668  674
 8547  661  666
 8563  652  659
 8579  643  652
 8594  633  641
 8610  623  631
 8626  611  621
 8642  601  609
 8657  589  598
 8673  579  586
 8689  569  575
 8704  560  565
 8720  552  556
 8736  544  548
 8751  538  541
 8767  532  534
 8783  526  528
 8798  522  521
 8814  518  520
 8830  516  515
 8846  514  513
 8861  513  512
 8877  512  511
 8904  511  510
 8924  511  508
 8940  511  509
 8955  512  510
 8971  512  511
 8987  514  512
 9003  515  513
 9018  517  515
 9034  519  517
 9050  521  518
 9065  523  521
 9081  526  524
 9097  529  526
 9113  531  529
 9128  535  532
 9144  539  536
 9160  543  537
 9175  547  544
 9191  551  547
 9207  555  551
 9222  559  556
 9238  563  560
 9254  567  564
 9269  571  569
 9285  575  572
 9301  579  575
 9317  583  580
 9332  588  585
 9348  592  589
 9364  596  593
 9379  600  598
 9395  604  601
 9411  608  605
 9427  612  608
 9442  616  612
 9458  620  618
 9474  624  621
 9489  629  625
 9505  633  630
 9521  637  635
 9536  641  638
 9552  645  641
 9568  649  645
 9583  653  649
 9599  657  655
 9615  661  658
 9631  665  663
 9646  669  665
 9662  673  670
 9678  677  674
 9693  680  679
 9709  683  683
 9725  686  684
 9740  688  687
 9756  691  689
 9772  693  691
 9788  695  694
 9803  696  695
 9819  697  696
 9835  698  698
 9850  699  698
 9866  700  699
 9882  700  700
 9898  699  700
 9913  699  699
 9929  699  699
 9945  698  699
 9960  697  699
 9976  696  696
 9992  694  695
10007  692  694
10023  691  693
10039  688  690
10055  686  689
10070  683  685
10086  680  683
10102  677  680
10117  673  676
10133  669  673
10149  665  668
10164  661  664
10180  657  661
10196  653  655
10212  649  653
10227  645  648
10243  641  644
10259  637  641
10274  633  636
10290  629  632
10306  625  628
10321  621  623
10337  617  619
10353  613  616
10368  609  611
10384  605  608
10400  601  604
10415  597  601
10431  593  595
10447  589  591
10463  585  587
10478  581  583
10494  577  579
10510  573  575
10525  569  571
10541  565  567
10557  561  563
10573  557  559
10588  553  555
10604  549  551
10620  545  546
10635  541  544
10651  537  538
10667  534  537
10682  530  531
10698  527  528
10714  525  525
10730  522  522
10745  520  520
10761  519  518
10777  517  516
10792  515  515
10808  514  513
10824  513  512
10839  512  512
10855  512  511
10871  512  511
10887  512  511
10902  513  511
10918  515  511
10934  518  512
10949  521  518
10965  525  521
10981  531  526
10997  536  530
11012  543  537
11028  551  544
11044  559  551
11059  568  560
11075  577  569
11091  588  579
11106  599  590
11122  612  602
11138  623  614
11153  633  626
11169  643  637
11185  652  647
11201  660  655
11216  668  663
11232  675  670
11248  681  676
11263  685  684
11279  690  687
11295  693  692
11311  696  694
11326  698  698
11342  699  699
11358  699  699
11373  699  699
11389  698  698
11405  696  699
11420  693  695
11436  690  694
11452  685  690
11468  680  685
11483  675  680
11499  668  673
11515  661  667
11530  652  659
11546  643  652
11562  633  641
11577  623  631
11593  611  621
11609  601  609
11624  589  598
11640  579  587
11656  569  576
11672  560  565
11687  552  556
11703  544  548
11719  538  541
11734  532  533
11750  526  528
11766  522  523
11782  518  520
11797  516  515
11813  514  513
11829  513  512
11844  512  511
11872  511  511
11891  511  509
11907  511  509
11923  512  510
11938  512  511
11954  514  512
11970  515  512
11986  517  516
12001  519  517
12017  521  518
12033  523  521
12048  526  523
12064  529  527
12080  531  529
12095  535  531
12111  539  536
12127  543  538
12143  547  543
12158  551  547
12174  555  551
12190  559  555
12205  563  560
12221  567  564
12237  571  567
12253  575  571
12268  579  575
12284  583  580
12300  588  585
12315  592  589
12331  596  593
12347  600  597
12362  604  601
12378  608  605
12394  612  609
12409  616  612
12425  620  617
12441  624  621
12457  629  626
12472  633  630
12488  637  635
12504  641  638
12519  645  641
12535  649  646
12551  653  648
12566  657  654
12582  661  658
12598  665  663
12614  669  666
12629  673  671
12645  677  675
12661  680  679
12676  683  682
12692  686  684
12708  688  687
12723  691  689
12739  693  691
12755  695  693
12771  696  695
12786  697  696
12802  698  698
12818  699  698
12833  700  698
12849  700  700
12865  699  700
12881  699  699
12896  699  699
12912  698  699
12928  697  699
12943  696  698
12959  694  695
12975  692  694
12990  691  693
13006  688  690
13022  686  689
13038  683  686
13053  680  683
13069  677  680
13085  673  676
13100  669  673
13116  665  668
13132  661  665
13147  657  661
13163  653  655
13179  649  652
13195  645  648
13210  641  644
13226  637  639
13242  633  636
13257  629  632
13273  625  628
13289  621  623
13304  617  619
13320  613  616
13336  609  612
13351  605  608
13367  601  604
13383  597  599
13399  593  595
13414  589  591
13430  585  587
13446  581  583
13461  577  580
13477  573  575
13493  569  571
13508  565  567
13524  561  563
13540  557  559
13556  553  555
13571  549  551
13587  545  547
13603  541  543
13618  537  539
13634  534  534
13650  530  531
13666  527  529
13681  525  525
13697  522  522
13713  520  520
13728  519  518
13744  517  517
13760  515  515
13775  514  513
13791  513  512
13807  512  512
13823  512  511
13838  512  510
13854  512  511
13870  513  511
13885  515  512
13901  518  514
13917  521  517
13932  525  522
13948  531  526
13964  536  530
13980  543  537
13995  551  544
14011  559  551
14027  568  560
14042  577  569
14058  588  579
14074  599  589
14089  612  602
14105  623  614
14121  633  626
14136  643  637
14152  652  647
14168  660  655
14184  668  663
14199  675  670
14215  681  676
14231  685  683
14246  690  687
14262  693  692
14278  696  694
14293  698  698
14309  699  699
14325  699  699
14341  699  698
14356  698  698
14372  696  698
14388  693  696
14403  690  694
14419  685  690
14435  680  685
14450  675  680
14466  668  674
14482  661  667
14498  652  659
14513  643  652
14529  633  641
14545  623  631
14560  611  621
14576  601  611
14592  589  597
14608  579  586
14623  569  575
14639  560  565
14655  552  558
14670  544  548
14686  538  541
14702  532  533
14717  526  529
14733  522  523
14749  518  518
14765  516  515
14780  514  513
14796  513  512
14812  512  511
14839  511  510
14859  511  509
14874  511  509
14890  512  510
14906  512  511
14921  514  511
14937  515  513
14953  517  515
14969  519  517
14984  521  518
15000  523  521
15016  526  522
15031  529  526
15047  531  529
15063  535  531
15078  539  536
15094  543  539
15110  547  543
15126  551  548
15141  555  551
15157  559  555
15173  563  560
15188  567  563
15204  571  567
15220  575  572
15236  579  575
15251  583  579
15267  588  585
15283  592  589
15298  596  593
15314  600  598
15330  604  601
15345  608  605
15361  612  608
15377  616  613
15392  620  617
15408  624  621
15424  629  626
15440  633  630
15455  637  635
15471  641  638
15487  645  643
15502  649  646
15518  653  650
15534  657  654
15550  661  658
15565  665  663
15581  669  666
15597  673  671
15612  677  674
15628  680  679
15644  683  681
15659  686  684
15675  688  687
15691  691  689
15706  693  691
15722  695  694
15738  696  695
15753  697  696
15769  698  698
15785  699  698
15801  700  699
15816  700  699
15832  699  700
15848  699  699
15863  699  699
15879  698  699
15895  697  699
15911  696  696
15926  694  695
15942  692  694
15958  691  693
15973  688  690
15989  686  689
16005  683  684
16020  680  683
16036  677  680
16052  673  677
16068  669  673
16083  665  668
16099  661  664
16115  657  661
16130  653  655
16146  649  652
16162  645  648
16177  641  644
16193  637  640
16209  633  636
16225  629  631
16240  625  628
16256  621  625
16272  617  620
16287  613  616
16303  609  611
16319  605  608
16335  601  604
16350  597  599
16366  593  595
16382  589  592
16397  585  588
16413  581  583
16429  577  579
16444  573  575
16460  569  571
16476  565  566
16491  561  563
16507  557  560
16523  553  555
16538  549  551
16554  545  547
16570  541  543
16586  537  539
16601  534  534
16617  530  530
16633  527  528
16648  525  525
16664  522  523
16680  520  520
16696  519  518
16711  517  516
16727  515  515
16743  514  513
16758  513  512
16774  512  512
16790  512  511
16805  512  511
16821  512  511
16837  513  511
16853  515  511
16868  518  514
16884  521  520
16900  525  521
16915  531  526
16931  536  530
16947  543  538
16963  551  544
16978  559  551
16994  568  560
17010  577  569
17025  588  579
17041  599  589
17057  612  602
17072  623  614
17088  633  625
17104  643  636
17120  652  647
17135  660  656
17151  668  663
17167  675  670
17182  681  676
17198  685  683
17214  690  687
17229  693  692
17245  696  695
17261  698  698
17276  699  699
17292  699  699
17308  699  698
17324  698  698
17339  696  698
17355  693  696
17371  690  694
17386  685  691
17402  680  685
17418  675  680
17434  668  674
17449  661  667
17465  652  661
17481  643  653
17496  633  641
17512  623  631
17528  611  621
17543  601  609
17559  589  598
17575  579  587
17590  569  575
17606  560  565
17622  552  557
17638  544  548
17653  538  541
17669  532  534
17685  526  528
17700  522  523
17716  518  518
17732  516  515
17747  514  513
17763  513  512
17779  512  511
17806  511  510
17826  511  510
17842  511  509
17857  512  510
17873  512  511
17889  514  511
17904  515  513
17920  517  515
17936  519  517
17952  521  518
17967  523  521
17983  526  523
17999  529  526
18014  531  529
18030  535  531
18046  539  534
18061  543  539
18077  547  543
18093  551  547
18109  555  551
18124  559  555
18140  563  560
18156  567  565
18171  571  567
18187  575  572
18203  579  575
18218  583  580
18234  588  585
18250  592  589
18266  596  593
18281  600  597
18297  604  601
18313  608  605
18328  612  608
18344  616  612
18360  620  617
18375  624  621
18391  629  626
18407  633  630
18423  637  634
18438  641  638
18454  645  641
18470  649  646
18485  653  649
18501  657  654
18517  661  658
18533  665  663
18548  669  666
18564  673  670
18580  677  674
18595  680  679
18611  683  682
18627  686  685
18642  688  687
18658  691  689
18674  693  691
18689  695  694
18705  696  696
18721  697  696
18737  698  698
18752  699  698
18768  700  699
18784  700  698
18799  699  700
18815  699  700
18831  699  699
18846  698  698
18862  697  699
18878  696  698
18894  694  695
18909  692  694
18925  691  693
18941  688  690
18956  686  689
18972  683  686
18988  680  683
19004  677  680
19019  673  676
19035  669  673
19051  665  670
19066  661  665
19082  657  662
19098  653  655
19113  649  652
19129  645  649
19145  641  644
19161  637  639
19176  633  636
19192  629  632
19208  625  628
19223  621  625
19239  617  620
19255  613  616
19270  609  611
19286  605  608
19302  601  604
19318  597  599
19333  593  595
19349  589  591
19365  585  587
19380  581  583
19396  577  579
19412  573  575
19427  569  571
19443  565  567
19459  561  563
19474  557  559
19490  553  555
19506  549  551
19522  545  547
19537  541  543
19553  537  539
19569  534  534
19584  530  531
19600  527  528
19616  525  525
19631  522  522
19647  520  520
19663  519  518
19679  517  516
19694  515  515
19710  514  513
19726  513  512
19741  512  512
19757  512  511
19773  512  511
19788  512  511
19804  513  511
19820  515  511
19836  518  515
19851  521  518
19867  525  521
19883  531  526
19898  536  530
19914  543  537
19930  551  544
19945  559  551
19961  568  559
19977  577  569
19993  588  578